Accession,Protein,Organism_Name,Species,Genotype,Isolate,Length,Geo_Location,Host,Tissue_Specimen_Source,Submitters,Collection_Date,Release_Date,Molecule_type
NP_041332.2,major capsid protein L1,Human papillomavirus 16,Alphapapillomavirus 9,,,505,,,,"Kirnbauer,R., Taub,J., Greenstone,H., Roden,R., Durst,M., Gissmann,L., Lowy,D.R., Schiller,J.T., Baker,C.C., Xi,S.Z., Banks,L.M., Kennedy,I.M., Haddow,J.K., Clements,J.B., Parton,A., Romanczuk,H., Thierry,F., Howley,P.M., Bubb,V., McCance,D.J., Schlegel,R., Halbert,C.L., Galloway,D.A., Phelps,W.C., Lindgren,V., Braun,M.J., Gonda,M.A., Matsukura,T., Kanda,T., Furuno,A., Yoshikawa,H., Kawana,T., Yoshiike,K., Seedorf,K., Krammer,G., Suhai,S., Rowekamp,W.G.",,1993-08-02,dsDNA
YBL60022.1,L1,Human papillomavirus 16,Alphapapillomavirus 9,16,141.16,505,Brazil,Homo sapiens,cervix,"de Aquino Firmino,A., Filho,P.R.T.G., Siqueira,J.D., Gois,L.L., Costa,G.C.S., Martins,A.L.L., Drumond,M.L., Soares,M.A., Galvao-Castro,B., da Silva,C.G.R., Grassi,M.F.R., Firmino,A.A.",2015,2025-10-26,dsDNA
YBL22119.1,major capsid protein L1,Human papillomavirus 16,Alphapapillomavirus 9,,InDRE 2Oax/Mexico/2022,531,Mexico,Homo sapiens,cervix,"Rodriguez-Hernandez,E.L., Fragoso-Fonseca,D.E., Esteban-Valencia,Md.C., Andrade-Montiel,E., Wong-Arambula,C.E., Hernandez-Rivas,L., Escobar-Escamilla,N., Rodriguez-Maldonado,A.P., Del Mazo-Lopez,J.C., Serrano-Gutierrez,S., Landa-Flores,M.G.",2022,2025-10-22,dsDNA
YBL22127.1,major capsid protein L1,Human papillomavirus 16,Alphapapillomavirus 9,,InDRE 3Oax/Mexico/2022,531,Mexico,Homo sapiens,cervix,"Rodriguez-Hernandez,E.L., Fragoso-Fonseca,D.E., Esteban-Valencia,Md.C., Andrade-Montiel,E., Wong-Arambula,C.E., Hernandez-Rivas,L., Escobar-Escamilla,N., Rodriguez-Maldonado,A.P., Del Mazo-Lopez,J.C., Serrano-Gutierrez,S., Landa-Flores,M.G.",2022,2025-10-22,dsDNA
YBL22135.1,major capsid protein L1,Human papillomavirus 16,Alphapapillomavirus 9,,InDRE 3Yuc/Mexico/2022,531,Mexico,Homo sapiens,cervix,"Rodriguez-Hernandez,E.L., Fragoso-Fonseca,D.E., Esteban-Valencia,Md.C., Andrade-Montiel,E., Wong-Arambula,C.E., Hernandez-Rivas,L., Escobar-Escamilla,N., Rodriguez-Maldonado,A.P., Del Mazo-Lopez,J.C., Serrano-Gutierrez,S., Landa-Flores,M.G.",2022,2025-10-22,dsDNA
YBL22143.1,major capsid protein L1,Human papillomavirus 16,Alphapapillomavirus 9,,InDRE 6Yuc/Mexico/2022,531,Mexico,Homo sapiens,cervix,"Rodriguez-Hernandez,E.L., Fragoso-Fonseca,D.E., Esteban-Valencia,Md.C., Andrade-Montiel,E., Wong-Arambula,C.E., Hernandez-Rivas,L., Escobar-Escamilla,N., Rodriguez-Maldonado,A.P., Del Mazo-Lopez,J.C., Serrano-Gutierrez,S., Landa-Flores,M.G.",2022,2025-10-22,dsDNA
YBL22151.1,major capsid protein L1,Human papillomavirus 16,Alphapapillomavirus 9,,InDRE 8Yuc/Mexico/2022,531,Mexico,Homo sapiens,cervix,"Rodriguez-Hernandez,E.L., Fragoso-Fonseca,D.E., Esteban-Valencia,Md.C., Andrade-Montiel,E., Wong-Arambula,C.E., Hernandez-Rivas,L., Escobar-Escamilla,N., Rodriguez-Maldonado,A.P., Del Mazo-Lopez,J.C., Serrano-Gutierrez,S., Landa-Flores,M.G.",2022,2025-10-22,dsDNA
YBL22159.1,major capsid protein L1,Human papillomavirus 16,Alphapapillomavirus 9,,InDRE 19Mex/Mexico/2022,531,Mexico,Homo sapiens,cervix,"Rodriguez-Hernandez,E.L., Fragoso-Fonseca,D.E., Esteban-Valencia,Md.C., Andrade-Montiel,E., Wong-Arambula,C.E., Hernandez-Rivas,L., Escobar-Escamilla,N., Rodriguez-Maldonado,A.P., Del Mazo-Lopez,J.C., Serrano-Gutierrez,S., Landa-Flores,M.G.",2022,2025-10-22,dsDNA
YBL22167.1,major capsid protein L1,Human papillomavirus 16,Alphapapillomavirus 9,,InDRE 30Tam/Mexico/2022,531,Mexico,Homo sapiens,cervix,"Rodriguez-Hernandez,E.L., Fragoso-Fonseca,D.E., Esteban-Valencia,Md.C., Andrade-Montiel,E., Wong-Arambula,C.E., Hernandez-Rivas,L., Escobar-Escamilla,N., Rodriguez-Maldonado,A.P., Del Mazo-Lopez,J.C., Serrano-Gutierrez,S., Landa-Flores,M.G.",2022,2025-10-22,dsDNA
YBL22175.1,major capsid protein L1,Human papillomavirus 16,Alphapapillomavirus 9,,InDRE 34Mor/Mexico/2022,531,Mexico,Homo sapiens,cervix,"Rodriguez-Hernandez,E.L., Fragoso-Fonseca,D.E., Esteban-Valencia,Md.C., Andrade-Montiel,E., Wong-Arambula,C.E., Hernandez-Rivas,L., Escobar-Escamilla,N., Rodriguez-Maldonado,A.P., Del Mazo-Lopez,J.C., Serrano-Gutierrez,S., Landa-Flores,M.G.",2022,2025-10-22,dsDNA
YBL22183.1,major capsid protein L1,Human papillomavirus 16,Alphapapillomavirus 9,,InDRE 35Tam/Mexico/2022,531,Mexico,Homo sapiens,cervix,"Rodriguez-Hernandez,E.L., Fragoso-Fonseca,D.E., Esteban-Valencia,Md.C., Andrade-Montiel,E., Wong-Arambula,C.E., Hernandez-Rivas,L., Escobar-Escamilla,N., Rodriguez-Maldonado,A.P., Del Mazo-Lopez,J.C., Serrano-Gutierrez,S., Landa-Flores,M.G.",2022,2025-10-22,dsDNA
YBL22188.1,major capsid protein L1,Human papillomavirus 16,Alphapapillomavirus 9,,InDRE 37Oax/Mexico/2022,531,Mexico,Homo sapiens,cervix,"Rodriguez-Hernandez,E.L., Fragoso-Fonseca,D.E., Esteban-Valencia,Md.C., Andrade-Montiel,E., Wong-Arambula,C.E., Hernandez-Rivas,L., Escobar-Escamilla,N., Rodriguez-Maldonado,A.P., Del Mazo-Lopez,J.C., Serrano-Gutierrez,S., Landa-Flores,M.G.",2022,2025-10-22,dsDNA
BHD12242.1,L1 protein,Human papillomavirus 16,Alphapapillomavirus 9,,SW0153,531,Japan,Homo sapiens,,"Kukimoto,I., Matsumoto,K.",2022,2025-09-02,dsDNA
BHD12250.1,L1 protein,Human papillomavirus 16,Alphapapillomavirus 9,,SW0160,531,Japan,Homo sapiens,,"Kukimoto,I., Matsumoto,K.",2022,2025-09-02,dsDNA
BHD12258.1,L1 protein,Human papillomavirus 16,Alphapapillomavirus 9,,SW0161,531,Japan,Homo sapiens,,"Kukimoto,I., Matsumoto,K.",2022,2025-09-02,dsDNA
BHD12266.1,L1 protein,Human papillomavirus 16,Alphapapillomavirus 9,,SW0162,531,Japan,Homo sapiens,,"Kukimoto,I., Matsumoto,K.",2022,2025-09-02,dsDNA
BHD12274.1,L1 protein,Human papillomavirus 16,Alphapapillomavirus 9,,SW0164,531,Japan,Homo sapiens,,"Kukimoto,I., Matsumoto,K.",2022,2025-09-02,dsDNA
BHD12282.1,L1 protein,Human papillomavirus 16,Alphapapillomavirus 9,,SW0178,531,Japan,Homo sapiens,,"Kukimoto,I., Matsumoto,K.",2023,2025-09-02,dsDNA
BHD12290.1,L1 protein,Human papillomavirus 16,Alphapapillomavirus 9,,SW0192,531,Japan,Homo sapiens,,"Kukimoto,I., Matsumoto,K.",2023,2025-09-02,dsDNA
BHD12298.1,L1 protein,Human papillomavirus 16,Alphapapillomavirus 9,,SW0193,531,Japan,Homo sapiens,,"Kukimoto,I., Matsumoto,K.",2023,2025-09-02,dsDNA
BHD12306.1,L1 protein,Human papillomavirus 16,Alphapapillomavirus 9,,SW0199,531,Japan,Homo sapiens,,"Kukimoto,I., Matsumoto,K.",2024,2025-09-02,dsDNA
BHD12314.1,L1 protein,Human papillomavirus 16,Alphapapillomavirus 9,,SW0201,531,Japan,Homo sapiens,,"Kukimoto,I., Matsumoto,K.",2024,2025-09-02,dsDNA
XWS90052.1,L1,Human papillomavirus 16,Alphapapillomavirus 9,16,OM1957,505,Latvia,Homo sapiens,,"Zrelovs,N., Jansons,J., Spridzane,A., Sokolovska,L., Biserova,K., Krisane,D., Orlova,B., Petrovska,M., Nazarenko,M., Ilinskaya,A., Nazarovs,J., Mitildzans,A., Isaguliants,M.",2012,2025-06-30,dsDNA
XWS90060.1,L1,Human papillomavirus 16,Alphapapillomavirus 9,16,KV1957,505,Latvia,Homo sapiens,,"Zrelovs,N., Jansons,J., Spridzane,A., Sokolovska,L., Biserova,K., Krisane,D., Orlova,B., Petrovska,M., Nazarenko,M., Ilinskaya,A., Nazarovs,J., Mitildzans,A., Isaguliants,M.",2013,2025-06-30,dsDNA
XWS90068.1,L1,Human papillomavirus 16,Alphapapillomavirus 9,16,VV1971,505,Latvia,Homo sapiens,,"Zrelovs,N., Jansons,J., Spridzane,A., Sokolovska,L., Biserova,K., Krisane,D., Orlova,B., Petrovska,M., Nazarenko,M., Ilinskaya,A., Nazarovs,J., Mitildzans,A., Isaguliants,M.",2016,2025-06-30,dsDNA
XWS90076.1,L1,Human papillomavirus 16,Alphapapillomavirus 9,16,KE1980,505,Latvia,Homo sapiens,,"Zrelovs,N., Jansons,J., Spridzane,A., Sokolovska,L., Biserova,K., Krisane,D., Orlova,B., Petrovska,M., Nazarenko,M., Ilinskaya,A., Nazarovs,J., Mitildzans,A., Isaguliants,M.",2014,2025-06-30,dsDNA
XWS90084.1,L1,Human papillomavirus 16,Alphapapillomavirus 9,16,JO1976,505,Latvia,Homo sapiens,,"Zrelovs,N., Jansons,J., Spridzane,A., Sokolovska,L., Biserova,K., Krisane,D., Orlova,B., Petrovska,M., Nazarenko,M., Ilinskaya,A., Nazarovs,J., Mitildzans,A., Isaguliants,M.",2020,2025-06-30,dsDNA
XWS90092.1,L1,Human papillomavirus 16,Alphapapillomavirus 9,16,II1977,505,Latvia,Homo sapiens,,"Zrelovs,N., Jansons,J., Spridzane,A., Sokolovska,L., Biserova,K., Krisane,D., Orlova,B., Petrovska,M., Nazarenko,M., Ilinskaya,A., Nazarovs,J., Mitildzans,A., Isaguliants,M.",2023,2025-06-30,dsDNA
XWS90100.1,L1,Human papillomavirus 16,Alphapapillomavirus 9,16,SB1997,505,Latvia,Homo sapiens,,"Zrelovs,N., Jansons,J., Spridzane,A., Sokolovska,L., Biserova,K., Krisane,D., Orlova,B., Petrovska,M., Nazarenko,M., Ilinskaya,A., Nazarovs,J., Mitildzans,A., Isaguliants,M.",2023,2025-06-30,dsDNA
XWS90108.1,L1,Human papillomavirus 16,Alphapapillomavirus 9,16,VS1969,505,Latvia,Homo sapiens,,"Zrelovs,N., Jansons,J., Spridzane,A., Sokolovska,L., Biserova,K., Krisane,D., Orlova,B., Petrovska,M., Nazarenko,M., Ilinskaya,A., Nazarovs,J., Mitildzans,A., Isaguliants,M.",2021,2025-06-30,dsDNA
XWS90116.1,L1,Human papillomavirus 16,Alphapapillomavirus 9,16,ID1967,505,Latvia,Homo sapiens,,"Zrelovs,N., Jansons,J., Spridzane,A., Sokolovska,L., Biserova,K., Krisane,D., Orlova,B., Petrovska,M., Nazarenko,M., Ilinskaya,A., Nazarovs,J., Mitildzans,A., Isaguliants,M.",2023,2025-06-30,dsDNA
XWS90124.1,L1,Human papillomavirus 16,Alphapapillomavirus 9,16,BK1957,505,Latvia,Homo sapiens,,"Zrelovs,N., Jansons,J., Spridzane,A., Sokolovska,L., Biserova,K., Krisane,D., Orlova,B., Petrovska,M., Nazarenko,M., Ilinskaya,A., Nazarovs,J., Mitildzans,A., Isaguliants,M.",2023,2025-06-30,dsDNA
XWS90132.1,L1,Human papillomavirus 16,Alphapapillomavirus 9,16,NR1992,505,Latvia,Homo sapiens,,"Zrelovs,N., Jansons,J., Spridzane,A., Sokolovska,L., Biserova,K., Krisane,D., Orlova,B., Petrovska,M., Nazarenko,M., Ilinskaya,A., Nazarovs,J., Mitildzans,A., Isaguliants,M.",2021,2025-06-30,dsDNA
XWS90140.1,L1,Human papillomavirus 16,Alphapapillomavirus 9,16,KM1991,505,Latvia,Homo sapiens,,"Zrelovs,N., Jansons,J., Spridzane,A., Sokolovska,L., Biserova,K., Krisane,D., Orlova,B., Petrovska,M., Nazarenko,M., Ilinskaya,A., Nazarovs,J., Mitildzans,A., Isaguliants,M.",2021,2025-06-30,dsDNA
XWS90148.1,L1,Human papillomavirus 16,Alphapapillomavirus 9,16,JG1986,505,Latvia,Homo sapiens,,"Zrelovs,N., Jansons,J., Spridzane,A., Sokolovska,L., Biserova,K., Krisane,D., Orlova,B., Petrovska,M., Nazarenko,M., Ilinskaya,A., Nazarovs,J., Mitildzans,A., Isaguliants,M.",2019,2025-06-30,dsDNA
XWS90156.1,L1,Human papillomavirus 16,Alphapapillomavirus 9,16,NS1986,505,Latvia,Homo sapiens,,"Zrelovs,N., Jansons,J., Spridzane,A., Sokolovska,L., Biserova,K., Krisane,D., Orlova,B., Petrovska,M., Nazarenko,M., Ilinskaya,A., Nazarovs,J., Mitildzans,A., Isaguliants,M.",2023,2025-06-30,dsDNA
XWS90164.1,L1,Human papillomavirus 16,Alphapapillomavirus 9,16,JO1980,505,Latvia,Homo sapiens,,"Zrelovs,N., Jansons,J., Spridzane,A., Sokolovska,L., Biserova,K., Krisane,D., Orlova,B., Petrovska,M., Nazarenko,M., Ilinskaya,A., Nazarovs,J., Mitildzans,A., Isaguliants,M.",2017,2025-06-30,dsDNA
XWS90172.1,L1,Human papillomavirus 16,Alphapapillomavirus 9,16,JD1989,505,Latvia,Homo sapiens,,"Zrelovs,N., Jansons,J., Spridzane,A., Sokolovska,L., Biserova,K., Krisane,D., Orlova,B., Petrovska,M., Nazarenko,M., Ilinskaya,A., Nazarovs,J., Mitildzans,A., Isaguliants,M.",2015,2025-06-30,dsDNA
XPA20821.1,L1 protein,Human papillomavirus 16,Alphapapillomavirus 9,,#003,505,France,Homo sapiens,cervix,"Malet,I., Draa,I., Leducq,V., Vuong,F., Bonnafous,P., Marcelin,A.G., Calvez,V., Jary,A., Marcelin,A.-G.",2021,2025-06-23,dsDNA
XPA20829.1,L1 protein,Human papillomavirus 16,Alphapapillomavirus 9,,#007,505,France,Homo sapiens,,"Malet,I., Draa,I., Leducq,V., Vuong,F., Bonnafous,P., Marcelin,A.G., Calvez,V., Jary,A., Marcelin,A.-G.",2023,2025-06-23,dsDNA
XPA20837.1,L1 protein,Human papillomavirus 16,Alphapapillomavirus 9,,#008,505,France,Homo sapiens,cervix,"Malet,I., Draa,I., Leducq,V., Vuong,F., Bonnafous,P., Marcelin,A.G., Calvez,V., Jary,A., Marcelin,A.-G.",2020,2025-06-23,dsDNA
XPA20845.1,L1 protein,Human papillomavirus 16,Alphapapillomavirus 9,,#010,505,France,Homo sapiens,,"Malet,I., Draa,I., Leducq,V., Vuong,F., Bonnafous,P., Marcelin,A.G., Calvez,V., Jary,A., Marcelin,A.-G.",2021,2025-06-23,dsDNA
XPA20853.1,L1 protein,Human papillomavirus 16,Alphapapillomavirus 9,,#011,505,France,Homo sapiens,,"Malet,I., Draa,I., Leducq,V., Vuong,F., Bonnafous,P., Marcelin,A.G., Calvez,V., Jary,A., Marcelin,A.-G.",2023,2025-06-23,dsDNA
XPA20860.1,L1 protein,Human papillomavirus 16,Alphapapillomavirus 9,,#015,505,France,Homo sapiens,,"Malet,I., Draa,I., Leducq,V., Vuong,F., Bonnafous,P., Marcelin,A.G., Calvez,V., Jary,A., Marcelin,A.-G.",2020,2025-06-23,dsDNA
XPA20868.1,L1 protein,Human papillomavirus 16,Alphapapillomavirus 9,,#016,505,France,Homo sapiens,,"Malet,I., Draa,I., Leducq,V., Vuong,F., Bonnafous,P., Marcelin,A.G., Calvez,V., Jary,A., Marcelin,A.-G.",2020,2025-06-23,dsDNA
XPA20876.1,L1 protein,Human papillomavirus 16,Alphapapillomavirus 9,,#019,505,France,Homo sapiens,,"Malet,I., Draa,I., Leducq,V., Vuong,F., Bonnafous,P., Marcelin,A.G., Calvez,V., Jary,A., Marcelin,A.-G.",2023,2025-06-23,dsDNA
XPA20884.1,L1 protein,Human papillomavirus 16,Alphapapillomavirus 9,,#020,505,France,Homo sapiens,cervix,"Malet,I., Draa,I., Leducq,V., Vuong,F., Bonnafous,P., Marcelin,A.G., Calvez,V., Jary,A., Marcelin,A.-G.",2020,2025-06-23,dsDNA
XPA20892.1,L1 protein,Human papillomavirus 16,Alphapapillomavirus 9,,#025,505,France,Homo sapiens,,"Malet,I., Draa,I., Leducq,V., Vuong,F., Bonnafous,P., Marcelin,A.G., Calvez,V., Jary,A., Marcelin,A.-G.",2023,2025-06-23,dsDNA
XPA20900.1,L1 protein,Human papillomavirus 16,Alphapapillomavirus 9,,#026,505,France,Homo sapiens,,"Malet,I., Draa,I., Leducq,V., Vuong,F., Bonnafous,P., Marcelin,A.G., Calvez,V., Jary,A., Marcelin,A.-G.",2023,2025-06-23,dsDNA
XPA20908.1,L1 protein,Human papillomavirus 16,Alphapapillomavirus 9,,#027,505,France,Homo sapiens,,"Malet,I., Draa,I., Leducq,V., Vuong,F., Bonnafous,P., Marcelin,A.G., Calvez,V., Jary,A., Marcelin,A.-G.",2023,2025-06-23,dsDNA
XPA20916.1,L1 protein,Human papillomavirus 16,Alphapapillomavirus 9,,#028,505,France,Homo sapiens,,"Malet,I., Draa,I., Leducq,V., Vuong,F., Bonnafous,P., Marcelin,A.G., Calvez,V., Jary,A., Marcelin,A.-G.",2024,2025-06-23,dsDNA
XPA20924.1,L1 protein,Human papillomavirus 16,Alphapapillomavirus 9,,#030,505,France,Homo sapiens,,"Malet,I., Draa,I., Leducq,V., Vuong,F., Bonnafous,P., Marcelin,A.G., Calvez,V., Jary,A., Marcelin,A.-G.",2024,2025-06-23,dsDNA
XPA20932.1,L1 protein,Human papillomavirus 16,Alphapapillomavirus 9,,#031,505,France,Homo sapiens,,"Malet,I., Draa,I., Leducq,V., Vuong,F., Bonnafous,P., Marcelin,A.G., Calvez,V., Jary,A., Marcelin,A.-G.",2024,2025-06-23,dsDNA
XPA20940.1,L1 protein,Human papillomavirus 16,Alphapapillomavirus 9,,#032,505,France,Homo sapiens,,"Malet,I., Draa,I., Leducq,V., Vuong,F., Bonnafous,P., Marcelin,A.G., Calvez,V., Jary,A., Marcelin,A.-G.",2024,2025-06-23,dsDNA
XPA20948.1,L1 protein,Human papillomavirus 16,Alphapapillomavirus 9,,#034,505,France,Homo sapiens,,"Malet,I., Draa,I., Leducq,V., Vuong,F., Bonnafous,P., Marcelin,A.G., Calvez,V., Jary,A., Marcelin,A.-G.",2023,2025-06-23,dsDNA
XPA20956.1,L1 protein,Human papillomavirus 16,Alphapapillomavirus 9,,#035,505,France,Homo sapiens,,"Malet,I., Draa,I., Leducq,V., Vuong,F., Bonnafous,P., Marcelin,A.G., Calvez,V., Jary,A., Marcelin,A.-G.",2023,2025-06-23,dsDNA
XPA20964.1,L1 protein,Human papillomavirus 16,Alphapapillomavirus 9,,#036,505,France,Homo sapiens,,"Malet,I., Draa,I., Leducq,V., Vuong,F., Bonnafous,P., Marcelin,A.G., Calvez,V., Jary,A., Marcelin,A.-G.",2024,2025-06-23,dsDNA
XPA20972.1,L1 protein,Human papillomavirus 16,Alphapapillomavirus 9,,#037,505,France,Homo sapiens,,"Malet,I., Draa,I., Leducq,V., Vuong,F., Bonnafous,P., Marcelin,A.G., Calvez,V., Jary,A., Marcelin,A.-G.",2024,2025-06-23,dsDNA
XPA20980.1,L1 protein,Human papillomavirus 16,Alphapapillomavirus 9,,#038,505,France,Homo sapiens,,"Malet,I., Draa,I., Leducq,V., Vuong,F., Bonnafous,P., Marcelin,A.G., Calvez,V., Jary,A., Marcelin,A.-G.",2024,2025-06-23,dsDNA
XPA20988.1,L1 protein,Human papillomavirus 16,Alphapapillomavirus 9,,#040,505,France,Homo sapiens,,"Malet,I., Draa,I., Leducq,V., Vuong,F., Bonnafous,P., Marcelin,A.G., Calvez,V., Jary,A., Marcelin,A.-G.",2023,2025-06-23,dsDNA
XPA20996.1,L1 protein,Human papillomavirus 16,Alphapapillomavirus 9,,#042,505,France,Homo sapiens,,"Malet,I., Draa,I., Leducq,V., Vuong,F., Bonnafous,P., Marcelin,A.G., Calvez,V., Jary,A., Marcelin,A.-G.",2023,2025-06-23,dsDNA
XPA21004.1,L1 protein,Human papillomavirus 16,Alphapapillomavirus 9,,#045,505,France,Homo sapiens,cervix,"Malet,I., Draa,I., Leducq,V., Vuong,F., Bonnafous,P., Marcelin,A.G., Calvez,V., Jary,A., Marcelin,A.-G.",2023,2025-06-23,dsDNA
XPA21012.1,L1 protein,Human papillomavirus 16,Alphapapillomavirus 9,,#047,505,France,Homo sapiens,cervix,"Malet,I., Draa,I., Leducq,V., Vuong,F., Bonnafous,P., Marcelin,A.G., Calvez,V., Jary,A., Marcelin,A.-G.",2024,2025-06-23,dsDNA
XPA21020.1,L1 protein,Human papillomavirus 16,Alphapapillomavirus 9,,#048,505,France,Homo sapiens,cervix,"Malet,I., Draa,I., Leducq,V., Vuong,F., Bonnafous,P., Marcelin,A.G., Calvez,V., Jary,A., Marcelin,A.-G.",2023,2025-06-23,dsDNA
XPA21028.1,L1 protein,Human papillomavirus 16,Alphapapillomavirus 9,,#049,505,France,Homo sapiens,cervix,"Malet,I., Draa,I., Leducq,V., Vuong,F., Bonnafous,P., Marcelin,A.G., Calvez,V., Jary,A., Marcelin,A.-G.",2023,2025-06-23,dsDNA
XPA21036.1,L1 protein,Human papillomavirus 16,Alphapapillomavirus 9,,#054,505,France,Homo sapiens,,"Malet,I., Draa,I., Leducq,V., Vuong,F., Bonnafous,P., Marcelin,A.G., Calvez,V., Jary,A., Marcelin,A.-G.",2024,2025-06-23,dsDNA
XPA21044.1,L1 protein,Human papillomavirus 16,Alphapapillomavirus 9,,#055,505,France,Homo sapiens,,"Malet,I., Draa,I., Leducq,V., Vuong,F., Bonnafous,P., Marcelin,A.G., Calvez,V., Jary,A., Marcelin,A.-G.",2024,2025-06-23,dsDNA
XPA21052.1,L1 protein,Human papillomavirus 16,Alphapapillomavirus 9,,#056,505,France,Homo sapiens,,"Malet,I., Draa,I., Leducq,V., Vuong,F., Bonnafous,P., Marcelin,A.G., Calvez,V., Jary,A., Marcelin,A.-G.",2024,2025-06-23,dsDNA
XPA21060.1,L1 protein,Human papillomavirus 16,Alphapapillomavirus 9,,#064,505,France,Homo sapiens,,"Malet,I., Draa,I., Leducq,V., Vuong,F., Bonnafous,P., Marcelin,A.G., Calvez,V., Jary,A., Marcelin,A.-G.",2017,2025-06-23,dsDNA
XPA21068.1,L1 protein,Human papillomavirus 16,Alphapapillomavirus 9,,#065,505,France,Homo sapiens,,"Malet,I., Draa,I., Leducq,V., Vuong,F., Bonnafous,P., Marcelin,A.G., Calvez,V., Jary,A., Marcelin,A.-G.",2018,2025-06-23,dsDNA
XPA21076.1,L1 protein,Human papillomavirus 16,Alphapapillomavirus 9,,#066,505,Cambodia,Homo sapiens,,"Malet,I., Draa,I., Leducq,V., Vuong,F., Bonnafous,P., Marcelin,A.G., Calvez,V., Jary,A., Marcelin,A.-G.",2021,2025-06-23,dsDNA
XPA21084.1,L1 protein,Human papillomavirus 16,Alphapapillomavirus 9,,#067,505,Cambodia,Homo sapiens,,"Malet,I., Draa,I., Leducq,V., Vuong,F., Bonnafous,P., Marcelin,A.G., Calvez,V., Jary,A., Marcelin,A.-G.",2021,2025-06-23,dsDNA
XPA21092.1,L1 protein,Human papillomavirus 16,Alphapapillomavirus 9,,#069,505,Cambodia,Homo sapiens,,"Malet,I., Draa,I., Leducq,V., Vuong,F., Bonnafous,P., Marcelin,A.G., Calvez,V., Jary,A., Marcelin,A.-G.",2021,2025-06-23,dsDNA
XPA21100.1,L1 protein,Human papillomavirus 16,Alphapapillomavirus 9,,#070,505,Cambodia,Homo sapiens,,"Malet,I., Draa,I., Leducq,V., Vuong,F., Bonnafous,P., Marcelin,A.G., Calvez,V., Jary,A., Marcelin,A.-G.",2021,2025-06-23,dsDNA
XPA21108.1,L1 protein,Human papillomavirus 16,Alphapapillomavirus 9,,#074,505,Cambodia,Homo sapiens,,"Malet,I., Draa,I., Leducq,V., Vuong,F., Bonnafous,P., Marcelin,A.G., Calvez,V., Jary,A., Marcelin,A.-G.",2021,2025-06-23,dsDNA
XPA21116.1,L1 protein,Human papillomavirus 16,Alphapapillomavirus 9,,#077,505,Cambodia,Homo sapiens,,"Malet,I., Draa,I., Leducq,V., Vuong,F., Bonnafous,P., Marcelin,A.G., Calvez,V., Jary,A., Marcelin,A.-G.",2021,2025-06-23,dsDNA
XPA21124.1,L1 protein,Human papillomavirus 16,Alphapapillomavirus 9,,#078,505,Cambodia,Homo sapiens,,"Malet,I., Draa,I., Leducq,V., Vuong,F., Bonnafous,P., Marcelin,A.G., Calvez,V., Jary,A., Marcelin,A.-G.",2021,2025-06-23,dsDNA
XPA21132.1,L1 protein,Human papillomavirus 16,Alphapapillomavirus 9,,#079,505,Cambodia,Homo sapiens,,"Malet,I., Draa,I., Leducq,V., Vuong,F., Bonnafous,P., Marcelin,A.G., Calvez,V., Jary,A., Marcelin,A.-G.",2021,2025-06-23,dsDNA
XPA21140.1,L1 protein,Human papillomavirus 16,Alphapapillomavirus 9,,#080,505,Cambodia,Homo sapiens,,"Malet,I., Draa,I., Leducq,V., Vuong,F., Bonnafous,P., Marcelin,A.G., Calvez,V., Jary,A., Marcelin,A.-G.",2021,2025-06-23,dsDNA
XPA21148.1,L1 protein,Human papillomavirus 16,Alphapapillomavirus 9,,#081,505,Cambodia,Homo sapiens,,"Malet,I., Draa,I., Leducq,V., Vuong,F., Bonnafous,P., Marcelin,A.G., Calvez,V., Jary,A., Marcelin,A.-G.",2021,2025-06-23,dsDNA
XPA21156.1,L1 protein,Human papillomavirus 16,Alphapapillomavirus 9,,#082,505,Cambodia,Homo sapiens,,"Malet,I., Draa,I., Leducq,V., Vuong,F., Bonnafous,P., Marcelin,A.G., Calvez,V., Jary,A., Marcelin,A.-G.",2021,2025-06-23,dsDNA
XPA21164.1,L1 protein,Human papillomavirus 16,Alphapapillomavirus 9,,#084,505,France,Homo sapiens,,"Malet,I., Draa,I., Leducq,V., Vuong,F., Bonnafous,P., Marcelin,A.G., Calvez,V., Jary,A., Marcelin,A.-G.",2018,2025-06-23,dsDNA
XPA21172.1,L1 protein,Human papillomavirus 16,Alphapapillomavirus 9,,#085,505,Cambodia,Homo sapiens,,"Malet,I., Draa,I., Leducq,V., Vuong,F., Bonnafous,P., Marcelin,A.G., Calvez,V., Jary,A., Marcelin,A.-G.",2021,2025-06-23,dsDNA
XPA21180.1,L1 protein,Human papillomavirus 16,Alphapapillomavirus 9,,#087,505,Cambodia,Homo sapiens,,"Malet,I., Draa,I., Leducq,V., Vuong,F., Bonnafous,P., Marcelin,A.G., Calvez,V., Jary,A., Marcelin,A.-G.",2021,2025-06-23,dsDNA
XPA21188.1,L1 protein,Human papillomavirus 16,Alphapapillomavirus 9,,#088,505,Cambodia,Homo sapiens,,"Malet,I., Draa,I., Leducq,V., Vuong,F., Bonnafous,P., Marcelin,A.G., Calvez,V., Jary,A., Marcelin,A.-G.",2021,2025-06-23,dsDNA
XPA21196.1,L1 protein,Human papillomavirus 16,Alphapapillomavirus 9,,#090,505,Cambodia,Homo sapiens,,"Malet,I., Draa,I., Leducq,V., Vuong,F., Bonnafous,P., Marcelin,A.G., Calvez,V., Jary,A., Marcelin,A.-G.",2021,2025-06-23,dsDNA
XPA21204.1,L1 protein,Human papillomavirus 16,Alphapapillomavirus 9,,#091,505,Cambodia,Homo sapiens,,"Malet,I., Draa,I., Leducq,V., Vuong,F., Bonnafous,P., Marcelin,A.G., Calvez,V., Jary,A., Marcelin,A.-G.",2021,2025-06-23,dsDNA
XPA21212.1,L1 protein,Human papillomavirus 16,Alphapapillomavirus 9,,#092,505,France,Homo sapiens,cervix,"Malet,I., Draa,I., Leducq,V., Vuong,F., Bonnafous,P., Marcelin,A.G., Calvez,V., Jary,A., Marcelin,A.-G.",2024,2025-06-23,dsDNA
XQQ44722.1,L1,Human papillomavirus 16,Alphapapillomavirus 9,,MBC067-PA16,505,Spain,,,"Mendoza,P., Ortiz-Alvarez,L.",2021-02-22,2025-04-05,dsDNA
XQQ44981.1,L1,Human papillomavirus 16,Alphapapillomavirus 9,,,505,Brazil,Homo sapiens,cervix,"Pereira,V.M.A.G., Filippi,M., Girardi,V., Hansen,A.W., Gularte,J.S., Sita,A., Demoliner,M., Comerlato,J., Fleck,J.D., Da Silva,M.S., Spilki,F.R.",2022,2025-04-05,dsDNA
XQQ44995.1,L1,Human papillomavirus 16,Alphapapillomavirus 9,,,505,Brazil,Homo sapiens,cervix,"Pereira,V., Filippi,M., Girardi,V., Hansen,A.W., Gularte,J.S., Sita,A., Demoliner,M., Comerlato,J., Fleck,J.D., Da Silva,M.S., Spilki,F.R.",2022,2025-04-05,dsDNA
XBO81867.1,L1,Human papillomavirus 16,Alphapapillomavirus 9,,16SN01,531,China,Homo sapiens,cervix,"Li,T.",2023-10-23,2024-06-10,dsDNA
XBO81868.1,L1,Human papillomavirus 16,Alphapapillomavirus 9,,16SN02,531,China,Homo sapiens,cervix,"Li,T.",2023-10-23,2024-06-10,dsDNA
XBO81869.1,L1,Human papillomavirus 16,Alphapapillomavirus 9,,16SN03,531,China,Homo sapiens,cervix,"Li,T.",2023-10-23,2024-06-10,dsDNA
XBO81870.1,L1,Human papillomavirus 16,Alphapapillomavirus 9,,16SN04,531,China,Homo sapiens,cervix,"Li,T.",2023-10-23,2024-06-10,dsDNA
XBO81871.1,L1,Human papillomavirus 16,Alphapapillomavirus 9,,16SN05,531,China,Homo sapiens,cervix,"Li,T.",2023-10-23,2024-06-10,dsDNA
XBO81872.1,L1,Human papillomavirus 16,Alphapapillomavirus 9,,16SN06,531,China,Homo sapiens,cervix,"Li,T.",2023-10-23,2024-06-10,dsDNA
XBO81873.1,L1,Human papillomavirus 16,Alphapapillomavirus 9,,16SN07,531,China,Homo sapiens,cervix,"Li,T.",2023-10-23,2024-06-10,dsDNA
XBO81874.1,L1,Human papillomavirus 16,Alphapapillomavirus 9,,16SN08,531,China,Homo sapiens,cervix,"Li,T.",2023-10-23,2024-06-10,dsDNA
XBO81875.1,L1,Human papillomavirus 16,Alphapapillomavirus 9,,16SN09,531,China,Homo sapiens,cervix,"Li,T.",2023-10-23,2024-06-10,dsDNA
XBO81876.1,L1,Human papillomavirus 16,Alphapapillomavirus 9,,16SN10,531,China,Homo sapiens,cervix,"Li,T.",2023-10-23,2024-06-10,dsDNA
XBO81877.1,L1,Human papillomavirus 16,Alphapapillomavirus 9,,16SN11,531,China,Homo sapiens,cervix,"Li,T.",2023-10-23,2024-06-10,dsDNA
XBO81878.1,L1,Human papillomavirus 16,Alphapapillomavirus 9,,16SN12,531,China,Homo sapiens,cervix,"Li,T.",2023-10-23,2024-06-10,dsDNA
XBO81879.1,L1,Human papillomavirus 16,Alphapapillomavirus 9,,16SN13,531,China,Homo sapiens,cervix,"Li,T.",2023-10-23,2024-06-10,dsDNA
XBO81880.1,L1,Human papillomavirus 16,Alphapapillomavirus 9,,16SN14,531,China,Homo sapiens,cervix,"Li,T.",2023-10-23,2024-06-10,dsDNA
XBO81881.1,L1,Human papillomavirus 16,Alphapapillomavirus 9,,16SN15,531,China,Homo sapiens,cervix,"Li,T.",2023-10-23,2024-06-10,dsDNA
XBO81882.1,L1,Human papillomavirus 16,Alphapapillomavirus 9,,16SN16,531,China,Homo sapiens,cervix,"Li,T.",2023-10-23,2024-06-10,dsDNA
XBO81883.1,L1,Human papillomavirus 16,Alphapapillomavirus 9,,16SN17,531,China,Homo sapiens,cervix,"Li,T.",2023-10-23,2024-06-10,dsDNA
XBO81884.1,L1,Human papillomavirus 16,Alphapapillomavirus 9,,16SN18,531,China,Homo sapiens,cervix,"Li,T.",2023-10-23,2024-06-10,dsDNA
XBO81885.1,L1,Human papillomavirus 16,Alphapapillomavirus 9,,16SN19,531,China,Homo sapiens,cervix,"Li,T.",2023-10-23,2024-06-10,dsDNA
XBO81886.1,L1,Human papillomavirus 16,Alphapapillomavirus 9,,16SN20,531,China,Homo sapiens,cervix,"Li,T.",2023-10-23,2024-06-10,dsDNA
XBO81887.1,L1,Human papillomavirus 16,Alphapapillomavirus 9,,16SN21,531,China,Homo sapiens,cervix,"Li,T.",2023-10-23,2024-06-10,dsDNA
XBO81888.1,L1,Human papillomavirus 16,Alphapapillomavirus 9,,16SN22,531,China,Homo sapiens,cervix,"Li,T.",2023-10-23,2024-06-10,dsDNA
XBO81889.1,L1,Human papillomavirus 16,Alphapapillomavirus 9,,16SN23,531,China,Homo sapiens,cervix,"Li,T.",2023-10-23,2024-06-10,dsDNA
XBO81890.1,L1,Human papillomavirus 16,Alphapapillomavirus 9,,16SN24,531,China,Homo sapiens,cervix,"Li,T.",2023-10-23,2024-06-10,dsDNA
WAB53524.1,L1,Human papillomavirus 16,Alphapapillomavirus 9,,V521R483_HPV16,505,Togo,Homo sapiens,,"Coppee,R., Ferre,V.M., Gbeasor-Komlanvi,F.A., Vacher,S., Bucau,M., Salou,M., Lameiras,S., Couvelard,A., Claver Dagnra,A., Bieche,I., Descamps,D., Ekouevi,D.K., Ghosn,J., Charpentier,C.",2017-08,2023-11-24,dsDNA
WAB53724.1,L1,Human papillomavirus 16,Alphapapillomavirus 9,,V521R495_HPV16,505,Togo,Homo sapiens,,"Coppee,R., Ferre,V.M., Gbeasor-Komlanvi,F.A., Vacher,S., Bucau,M., Salou,M., Lameiras,S., Couvelard,A., Claver Dagnra,A., Bieche,I., Descamps,D., Ekouevi,D.K., Ghosn,J., Charpentier,C.",2017-08,2023-11-24,dsDNA
WAB53841.1,L1,Human papillomavirus 16,Alphapapillomavirus 9,,V523E06_HPV16,505,Togo,Homo sapiens,,"Coppee,R., Ferre,V.M., Gbeasor-Komlanvi,F.A., Vacher,S., Bucau,M., Salou,M., Lameiras,S., Couvelard,A., Claver Dagnra,A., Bieche,I., Descamps,D., Ekouevi,D.K., Ghosn,J., Charpentier,C.",2017-08,2023-11-24,dsDNA
WAB54068.1,L1,Human papillomavirus 16,Alphapapillomavirus 9,,V523E12_HPV16,505,Togo,Homo sapiens,,"Coppee,R., Ferre,V.M., Gbeasor-Komlanvi,F.A., Vacher,S., Bucau,M., Salou,M., Lameiras,S., Couvelard,A., Claver Dagnra,A., Bieche,I., Descamps,D., Ekouevi,D.K., Ghosn,J., Charpentier,C.",2017-08,2023-11-24,dsDNA
WAB54160.1,L1,Human papillomavirus 16,Alphapapillomavirus 9,,V523E18_HPV16,505,Togo,Homo sapiens,,"Coppee,R., Ferre,V.M., Gbeasor-Komlanvi,F.A., Vacher,S., Bucau,M., Salou,M., Lameiras,S., Couvelard,A., Claver Dagnra,A., Bieche,I., Descamps,D., Ekouevi,D.K., Ghosn,J., Charpentier,C.",2017-08,2023-11-24,dsDNA
WAB54321.1,L1,Human papillomavirus 16,Alphapapillomavirus 9,,V521R481_HPV16,505,Togo,Homo sapiens,,"Coppee,R., Ferre,V.M., Gbeasor-Komlanvi,F.A., Vacher,S., Bucau,M., Salou,M., Lameiras,S., Couvelard,A., Claver Dagnra,A., Bieche,I., Descamps,D., Ekouevi,D.K., Ghosn,J., Charpentier,C.",2017-08,2023-11-24,dsDNA
WAB54391.1,L1,Human papillomavirus 16,Alphapapillomavirus 9,,V521R493_HPV16,505,Togo,Homo sapiens,,"Coppee,R., Ferre,V.M., Gbeasor-Komlanvi,F.A., Vacher,S., Bucau,M., Salou,M., Lameiras,S., Couvelard,A., Claver Dagnra,A., Bieche,I., Descamps,D., Ekouevi,D.K., Ghosn,J., Charpentier,C.",2017-08,2023-11-24,dsDNA
BEU33838.1,L1 protein,Human papillomavirus 16,Alphapapillomavirus 9,,SW0127,531,Japan,Homo sapiens,,"Miyamura,T., Onuki,M., Matsumoto,K., Kukimoto,I.",2021,2023-11-16,dsDNA
BEU33846.1,L1 protein,Human papillomavirus 16,Alphapapillomavirus 9,,SW0128,531,Japan,Homo sapiens,,"Miyamura,T., Onuki,M., Matsumoto,K., Kukimoto,I.",2021,2023-11-16,dsDNA
BEU33854.1,L1 protein,Human papillomavirus 16,Alphapapillomavirus 9,,SW0129,531,Japan,Homo sapiens,,"Miyamura,T., Onuki,M., Matsumoto,K., Kukimoto,I.",2021,2023-11-16,dsDNA
BEU33862.1,L1 protein,Human papillomavirus 16,Alphapapillomavirus 9,,SW0131,531,Japan,Homo sapiens,,"Miyamura,T., Onuki,M., Matsumoto,K., Kukimoto,I.",2021,2023-11-16,dsDNA
BEU33870.1,L1 protein,Human papillomavirus 16,Alphapapillomavirus 9,,SW0134,531,Japan,Homo sapiens,,"Miyamura,T., Onuki,M., Matsumoto,K., Kukimoto,I.",2021,2023-11-16,dsDNA
BEU33878.1,L1 protein,Human papillomavirus 16,Alphapapillomavirus 9,,SW0138,531,Japan,Homo sapiens,,"Miyamura,T., Onuki,M., Matsumoto,K., Kukimoto,I.",2021,2023-11-16,dsDNA
BEU33886.1,L1 protein,Human papillomavirus 16,Alphapapillomavirus 9,,SW0142,531,Japan,Homo sapiens,,"Miyamura,T., Onuki,M., Matsumoto,K., Kukimoto,I.",2022,2023-11-16,dsDNA
BEU33894.1,L1 protein,Human papillomavirus 16,Alphapapillomavirus 9,,SW0152,531,Japan,Homo sapiens,,"Miyamura,T., Onuki,M., Matsumoto,K., Kukimoto,I.",2022,2023-11-16,dsDNA
WLD30050.1,L1 protein,Human papillomavirus 16,Alphapapillomavirus 9,,IR2,505,Iran,Homo sapiens,,"Shafaati,M., Hosseini Nejad,A., Salimi,M.",2022-08-10,2023-08-08,dsDNA
WLD30051.1,L1 protein,Human papillomavirus 16,Alphapapillomavirus 9,,IR3,505,Iran,Homo sapiens,,"Shafaati,M., Salimi,M., Hosseini Nejad,A.",2022-08-15,2023-08-08,dsDNA
WKC12512.1,L1,Human papillomavirus 16,Alphapapillomavirus 9,,HNC49,531,Pakistan,Homo sapiens,,"Kashif,M., Minhas,S., Jahan,S., Nagi,A.H., Afzal,N.",2017-01,2023-07-16,dsDNA
WBM83723.1,L1 protein,Human papillomavirus 16,Alphapapillomavirus 9,,UC094_LW_V2,505,South Africa,Homo sapiens,vagina,"Happel,A.-U., Balle,C., Havyarimana,E., Brown,B., Maust,B., Konstantinus,I.N., Feng,C., Yi,B.H., Gill,K., Bekker,L.-G., Passmore,J.-A.S., Jaspan,H.B., Varsani,A.",2017-02-02,2023-01-14,dsDNA
WBM83831.1,L1 protein,Human papillomavirus 16,Alphapapillomavirus 9,,UC137_LW_V2,505,South Africa,Homo sapiens,vagina,"Happel,A.-U., Balle,C., Havyarimana,E., Brown,B., Maust,B., Konstantinus,I.N., Feng,C., Yi,B.H., Gill,K., Bekker,L.-G., Passmore,J.-A.S., Jaspan,H.B., Varsani,A.",2017-05-29,2023-01-14,dsDNA
WBM83864.1,L1 protein,Human papillomavirus 16,Alphapapillomavirus 9,,UC159_LW_V2,505,South Africa,Homo sapiens,vagina,"Happel,A.-U., Balle,C., Havyarimana,E., Brown,B., Maust,B., Konstantinus,I.N., Feng,C., Yi,B.H., Gill,K., Bekker,L.-G., Passmore,J.-A.S., Jaspan,H.B., Varsani,A.",2017-09-13,2023-01-14,dsDNA
WBM83884.1,L1 protein,Human papillomavirus 16,Alphapapillomavirus 9,,UC022_LW_V2,505,South Africa,Homo sapiens,vagina,"Happel,A.-U., Balle,C., Havyarimana,E., Brown,B., Maust,B., Konstantinus,I.N., Feng,C., Yi,B.H., Gill,K., Bekker,L.-G., Passmore,J.-A.S., Jaspan,H.B., Varsani,A.",2016-07-29,2023-01-14,dsDNA
WBM83954.1,L1 protein,Human papillomavirus 16,Alphapapillomavirus 9,,UC094_LW_V3,505,South Africa,Homo sapiens,vagina,"Happel,A.-U., Balle,C., Havyarimana,E., Brown,B., Maust,B., Konstantinus,I.N., Feng,C., Yi,B.H., Gill,K., Bekker,L.-G., Passmore,J.-A.S., Jaspan,H.B., Varsani,A.",2017-05-23,2023-01-14,dsDNA
UTQ11146.1,L1 protein,Human papillomavirus 16,Alphapapillomavirus 9,,KD1,531,Iran,Homo sapiens,"saliva, oronasopharynx","Koopaie,M., Nematolahy,M.A., Dadar,M.",2020-02-20,2022-07-23,dsDNA
UTQ11147.1,L1 protein,Human papillomavirus 16,Alphapapillomavirus 9,,KD2,531,Iran,Homo sapiens,"saliva, oronasopharynx","Koopaie,M., Nematolahy,M.A., Dadar,M.",2020-02-20,2022-07-23,dsDNA
BDO24681.1,L1 protein,Human papillomavirus 16,Alphapapillomavirus 9,,K3131,531,Japan,Homo sapiens,,"Kukimoto,I., Iwata,T., Matsumoto,K.",2021,2022-07-15,dsDNA
BDO24687.1,L1 protein,Human papillomavirus 16,Alphapapillomavirus 9,,K3163,531,Japan,Homo sapiens,,"Kukimoto,I., Iwata,T., Matsumoto,K.",2021,2022-07-15,dsDNA
BDO24695.1,L1 protein,Human papillomavirus 16,Alphapapillomavirus 9,,K5048,531,Japan,Homo sapiens,,"Kukimoto,I., Iwata,T., Matsumoto,K.",2021,2022-07-15,dsDNA
BDO24703.1,L1 protein,Human papillomavirus 16,Alphapapillomavirus 9,,K5060,531,Japan,Homo sapiens,,"Kukimoto,I., Iwata,T., Matsumoto,K.",2021,2022-07-15,dsDNA
BDO24711.1,L1 protein,Human papillomavirus 16,Alphapapillomavirus 9,,21-20-P-002,531,Japan,Homo sapiens,,"Kukimoto,I., Iwata,T., Matsumoto,K.",2020,2022-07-15,dsDNA
BDO24719.1,L1 protein,Human papillomavirus 16,Alphapapillomavirus 9,,21-21-P-001,531,Japan,Homo sapiens,,"Kukimoto,I., Iwata,T., Matsumoto,K.",2021,2022-07-15,dsDNA
BDO24727.1,L1 protein,Human papillomavirus 16,Alphapapillomavirus 9,,21-21-P-007,531,Japan,Homo sapiens,,"Kukimoto,I., Iwata,T., Matsumoto,K.",2021,2022-07-15,dsDNA
BDO24735.1,L1 protein,Human papillomavirus 16,Alphapapillomavirus 9,,21-21-P-008,531,Japan,Homo sapiens,,"Kukimoto,I., Iwata,T., Matsumoto,K.",2021,2022-07-15,dsDNA
BDO24743.1,L1 protein,Human papillomavirus 16,Alphapapillomavirus 9,,21-21-P-011,531,Japan,Homo sapiens,,"Kukimoto,I., Iwata,T., Matsumoto,K.",2021,2022-07-15,dsDNA
UNF16165.1,L1,Human papillomavirus 16,Alphapapillomavirus 9,,C9,531,Pakistan,Homo sapiens,,"Minhas,S., Kashif,M., Idrees,M., Ansari,F.",,2022-03-19,dsDNA
UNF16173.1,L1,Human papillomavirus 16,Alphapapillomavirus 9,,C50,531,Pakistan,Homo sapiens,,"Minhas,S., Kashif,M., Idrees,M., Ansari,F.",2018-11,2022-03-19,dsDNA
UNF16181.1,L1,Human papillomavirus 16,Alphapapillomavirus 9,,C122,531,Pakistan,Homo sapiens,oronasopharynx,"Minhas,S., Kashif,M., Idrees,M., Ansari,F.",2019-01,2022-03-19,dsDNA
BDA81679.1,L1 protein,Human papillomavirus type 16,Alphapapillomavirus 9,,K3039,531,Japan,Homo sapiens,,"Tanaka,K., Iwata,T., Kukimoto,I.",,2021-08-25,dsDNA
BDA81687.1,L1 protein,Human papillomavirus type 16,Alphapapillomavirus 9,,K3054,531,Japan,Homo sapiens,,"Tanaka,K., Iwata,T., Kukimoto,I.",,2021-08-25,dsDNA
BDA81695.1,L1 protein,Human papillomavirus type 16,Alphapapillomavirus 9,,K3099,531,Japan,Homo sapiens,,"Tanaka,K., Iwata,T., Kukimoto,I.",,2021-08-25,dsDNA
BDA81703.1,L1 protein,Human papillomavirus type 16,Alphapapillomavirus 9,,K3107,531,Japan,Homo sapiens,,"Tanaka,K., Iwata,T., Kukimoto,I.",,2021-08-25,dsDNA
BDA81711.1,L1 protein,Human papillomavirus type 16,Alphapapillomavirus 9,,K3110,531,Japan,Homo sapiens,,"Tanaka,K., Iwata,T., Kukimoto,I.",,2021-08-25,dsDNA
BDA81719.1,L1 protein,Human papillomavirus type 16,Alphapapillomavirus 9,,K3079,531,Japan,Homo sapiens,,"Tanaka,K., Iwata,T., Kukimoto,I.",,2021-08-25,dsDNA
BDA81727.1,L1 protein,Human papillomavirus type 16,Alphapapillomavirus 9,,K3037,531,Japan,Homo sapiens,,"Tanaka,K., Iwata,T., Kukimoto,I.",,2021-08-25,dsDNA
BDA81735.1,L1 protein,Human papillomavirus type 16,Alphapapillomavirus 9,,K3047,531,Japan,Homo sapiens,,"Tanaka,K., Iwata,T., Kukimoto,I.",,2021-08-25,dsDNA
BDA81743.1,L1 protein,Human papillomavirus type 16,Alphapapillomavirus 9,,K3049,531,Japan,Homo sapiens,,"Tanaka,K., Iwata,T., Kukimoto,I.",,2021-08-25,dsDNA
BDA81751.1,L1 protein,Human papillomavirus type 16,Alphapapillomavirus 9,,K3055,531,Japan,Homo sapiens,,"Tanaka,K., Iwata,T., Kukimoto,I.",,2021-08-25,dsDNA
BDA81759.1,L1 protein,Human papillomavirus type 16,Alphapapillomavirus 9,,K3106,531,Japan,Homo sapiens,,"Tanaka,K., Iwata,T., Kukimoto,I.",,2021-08-25,dsDNA
BDA81767.1,L1 protein,Human papillomavirus type 16,Alphapapillomavirus 9,,K3124,531,Japan,Homo sapiens,,"Tanaka,K., Iwata,T., Kukimoto,I.",,2021-08-25,dsDNA
BDA81775.1,L1 protein,Human papillomavirus type 16,Alphapapillomavirus 9,,K3031,531,Japan,Homo sapiens,,"Tanaka,K., Iwata,T., Kukimoto,I.",,2021-08-25,dsDNA
BDA81783.1,L1 protein,Human papillomavirus type 16,Alphapapillomavirus 9,,K3046,531,Japan,Homo sapiens,,"Tanaka,K., Iwata,T., Kukimoto,I.",,2021-08-25,dsDNA
BDA81791.1,L1 protein,Human papillomavirus type 16,Alphapapillomavirus 9,,K3066,531,Japan,Homo sapiens,,"Tanaka,K., Iwata,T., Kukimoto,I.",,2021-08-25,dsDNA
BDA81799.1,L1 protein,Human papillomavirus type 16,Alphapapillomavirus 9,,K3108,531,Japan,Homo sapiens,,"Tanaka,K., Iwata,T., Kukimoto,I.",,2021-08-25,dsDNA
BDA81807.1,L1 protein,Human papillomavirus type 16,Alphapapillomavirus 9,,K3119,531,Japan,Homo sapiens,,"Tanaka,K., Iwata,T., Kukimoto,I.",,2021-08-25,dsDNA
BDA81815.1,L1 protein,Human papillomavirus type 16,Alphapapillomavirus 9,,K3128,531,Japan,Homo sapiens,,"Tanaka,K., Iwata,T., Kukimoto,I.",,2021-08-25,dsDNA
BDA81823.1,L1 protein,Human papillomavirus type 16,Alphapapillomavirus 9,,K3080,531,Japan,Homo sapiens,,"Tanaka,K., Iwata,T., Kukimoto,I.",,2021-08-25,dsDNA
BDA81831.1,L1 protein,Human papillomavirus type 16,Alphapapillomavirus 9,,K3081,531,Japan,Homo sapiens,,"Tanaka,K., Iwata,T., Kukimoto,I.",,2021-08-25,dsDNA
BDA81839.1,L1 protein,Human papillomavirus type 16,Alphapapillomavirus 9,,K3114,531,Japan,Homo sapiens,,"Tanaka,K., Iwata,T., Kukimoto,I.",,2021-08-25,dsDNA
QYJ09890.1,major capsid protein L1,Human papillomavirus type 16,Alphapapillomavirus 9,,HNL01,505,China,Homo sapiens,,"Han,S., Wang,X.",2020,2021-08-09,dsDNA
QYJ09891.1,major capsid protein L1,Human papillomavirus type 16,Alphapapillomavirus 9,,HNL02,505,China,Homo sapiens,,"Han,S., Wang,X.",2020,2021-08-09,dsDNA
QYJ09892.1,major capsid protein L1,Human papillomavirus type 16,Alphapapillomavirus 9,,HNL03,505,China,Homo sapiens,,"Han,S., Wang,X.",2020,2021-08-09,dsDNA
QYJ09893.1,major capsid protein L1,Human papillomavirus type 16,Alphapapillomavirus 9,,HNL04,505,China,Homo sapiens,,"Han,S., Wang,X.",2020,2021-08-09,dsDNA
QYJ09894.1,major capsid protein L1,Human papillomavirus type 16,Alphapapillomavirus 9,,HNL05,505,China,Homo sapiens,,"Han,S., Wang,X.",2020,2021-08-09,dsDNA
QYJ09895.1,major capsid protein L1,Human papillomavirus type 16,Alphapapillomavirus 9,,HNL06,505,China,Homo sapiens,,"Han,S., Wang,X.",2020,2021-08-09,dsDNA
QYJ09896.1,major capsid protein L1,Human papillomavirus type 16,Alphapapillomavirus 9,,HNL07,505,China,Homo sapiens,,"Han,S., Wang,X.",2020,2021-08-09,dsDNA
QYJ09897.1,late major capsid protein L1,Human papillomavirus type 16,Alphapapillomavirus 9,,HNL01,505,China,,,"Han,S., Wang,X.",2021,2021-08-09,dsDNA
QYJ09898.1,late major capsid protein L1,Human papillomavirus type 16,Alphapapillomavirus 9,,HNL02,505,China,,,"Han,S., Wang,X.",2021,2021-08-09,dsDNA
QYJ09899.1,late major capsid protein L1,Human papillomavirus type 16,Alphapapillomavirus 9,,HNL03,505,China,,,"Han,S., Wang,X.",2021,2021-08-09,dsDNA
QYJ09900.1,late major capsid protein L1,Human papillomavirus type 16,Alphapapillomavirus 9,,HNL04,505,China,,,"Han,S., Wang,X.",2021,2021-08-09,dsDNA
QYJ09901.1,late major capsid protein L1,Human papillomavirus type 16,Alphapapillomavirus 9,,HNL05,505,China,,,"Han,S., Wang,X.",2021,2021-08-09,dsDNA
QYJ09902.1,late major capsid protein L1,Human papillomavirus type 16,Alphapapillomavirus 9,,HNL06,505,China,,,"Han,S., Wang,X.",2021,2021-08-09,dsDNA
QYJ09903.1,late major capsid protein L1,Human papillomavirus type 16,Alphapapillomavirus 9,,HNL07,505,China,,,"Han,S., Wang,X.",2021,2021-08-09,dsDNA
QYJ09904.1,late major capsid protein L1,Human papillomavirus type 16,Alphapapillomavirus 9,,HNL08,505,China,,,"Han,S., Wang,X.",2021,2021-08-09,dsDNA
QYJ09905.1,late major capsid protein L1,Human papillomavirus type 16,Alphapapillomavirus 9,,HNL09,505,China,,,"Han,S., Wang,X.",2021,2021-08-09,dsDNA
QYJ09906.1,late major capsid protein L1,Human papillomavirus type 16,Alphapapillomavirus 9,,HNL10,505,China,,,"Han,S., Wang,X.",2021,2021-08-09,dsDNA
QYJ09907.1,late major capsid protein L1,Human papillomavirus type 16,Alphapapillomavirus 9,,HNL11,505,China,,,"Han,S., Wang,X.",2021,2021-08-09,dsDNA
QYJ09908.1,late major capsid protein L1,Human papillomavirus type 16,Alphapapillomavirus 9,,HNL12,505,China,,,"Han,S., Wang,X.",2021,2021-08-09,dsDNA
QYJ09909.1,late major capsid protein L1,Human papillomavirus type 16,Alphapapillomavirus 9,,HNL13,505,China,,,"Han,S., Wang,X.",2021,2021-08-09,dsDNA
QYJ09910.1,late major capsid protein L1,Human papillomavirus type 16,Alphapapillomavirus 9,,HNL14,505,China,,,"Han,S., Wang,X.",2021,2021-08-09,dsDNA
QYJ09911.1,late major capsid protein L1,Human papillomavirus type 16,Alphapapillomavirus 9,,HNL15,505,China,,,"Han,S., Wang,X.",2021,2021-08-09,dsDNA
QYJ09912.1,late major capsid protein L1,Human papillomavirus type 16,Alphapapillomavirus 9,,HNL16,505,China,,,"Han,S., Wang,X.",2021,2021-08-09,dsDNA
QYJ09913.1,late major capsid protein L1,Human papillomavirus type 16,Alphapapillomavirus 9,,HNL17,505,China,,,"Han,S., Wang,X.",2021,2021-08-09,dsDNA
QYJ09914.1,late major capsid protein L1,Human papillomavirus type 16,Alphapapillomavirus 9,,HNL18,505,China,,,"Han,S., Wang,X.",2021,2021-08-09,dsDNA
QYJ09915.1,late major capsid protein L1,Human papillomavirus type 16,Alphapapillomavirus 9,,HNL19,505,China,,,"Han,S., Wang,X.",2021,2021-08-09,dsDNA
QYJ09916.1,late major capsid protein L1,Human papillomavirus type 16,Alphapapillomavirus 9,,HNL20,505,China,,,"Han,S., Wang,X.",2021,2021-08-09,dsDNA
QYJ09917.1,late major capsid protein L1,Human papillomavirus type 16,Alphapapillomavirus 9,,HNL21,505,China,,,"Han,S., Wang,X.",2021,2021-08-09,dsDNA
QYJ09918.1,late major capsid protein L1,Human papillomavirus type 16,Alphapapillomavirus 9,,HNL22,505,China,,,"Han,S., Wang,X.",2021,2021-08-09,dsDNA
QYJ09919.1,late major capsid protein L1,Human papillomavirus type 16,Alphapapillomavirus 9,,HNL23,505,China,,,"Han,S., Wang,X.",2021,2021-08-09,dsDNA
QYJ09920.1,late major capsid protein L1,Human papillomavirus type 16,Alphapapillomavirus 9,,HNL24,505,China,,,"Han,S., Wang,X.",2021,2021-08-09,dsDNA
QYJ09921.1,late major capsid protein L1,Human papillomavirus type 16,Alphapapillomavirus 9,,HNL25,505,China,,,"Han,S., Wang,X.",2021,2021-08-09,dsDNA
QYJ09922.1,late major capsid protein L1,Human papillomavirus type 16,Alphapapillomavirus 9,,HNL26,505,China,,,"Han,S., Wang,X.",2021,2021-08-09,dsDNA
QYJ09923.1,late major capsid protein L1,Human papillomavirus type 16,Alphapapillomavirus 9,,HNL27,505,China,,,"Han,S., Wang,X.",2021,2021-08-09,dsDNA
QYJ09924.1,late major capsid protein L1,Human papillomavirus type 16,Alphapapillomavirus 9,,HNL28,505,China,,,"Han,S., Wang,X.",2021,2021-08-09,dsDNA
QYJ09925.1,late major capsid protein L1,Human papillomavirus type 16,Alphapapillomavirus 9,,HNL29,505,China,,,"Han,S., Wang,X.",2021,2021-08-09,dsDNA
QYJ09926.1,late major capsid protein L1,Human papillomavirus type 16,Alphapapillomavirus 9,,HNL30,505,China,,,"Han,S., Wang,X.",2021,2021-08-09,dsDNA
QYJ09927.1,late major capsid protein L1,Human papillomavirus type 16,Alphapapillomavirus 9,,HNL31,505,China,,,"Han,S., Wang,X.",2021,2021-08-09,dsDNA
QYJ09928.1,late major capsid protein L1,Human papillomavirus type 16,Alphapapillomavirus 9,,HNL32,505,China,,,"Han,S., Wang,X.",2021,2021-08-09,dsDNA
BCZ98803.1,L1 protein,Human papillomavirus type 16,Alphapapillomavirus 9,,SW0089,531,Japan,Homo sapiens,,"Tanaka,K., Iwata,T., Kukimoto,I.",,2021-07-31,dsDNA
BCZ98811.1,L1 protein,Human papillomavirus type 16,Alphapapillomavirus 9,,SW0100,531,Japan,Homo sapiens,,"Tanaka,K., Iwata,T., Kukimoto,I.",,2021-07-31,dsDNA
BCZ98819.1,L1 protein,Human papillomavirus type 16,Alphapapillomavirus 9,,TK0194,531,Japan,Homo sapiens,,"Tanaka,K., Iwata,T., Kukimoto,I.",,2021-07-31,dsDNA
BCZ98827.1,L1 protein,Human papillomavirus type 16,Alphapapillomavirus 9,,22-19-P-005,531,Japan,Homo sapiens,,"Tanaka,K., Iwata,T., Kukimoto,I.",,2021-07-31,dsDNA
BCZ98835.1,L1 protein,Human papillomavirus type 16,Alphapapillomavirus 9,,22-19-P-010,531,Japan,Homo sapiens,,"Tanaka,K., Iwata,T., Kukimoto,I.",,2021-07-31,dsDNA
BCZ98851.1,L1 protein,Human papillomavirus type 16,Alphapapillomavirus 9,,SW0097,531,Japan,Homo sapiens,,"Tanaka,K., Iwata,T., Kukimoto,I.",,2021-07-31,dsDNA
BCZ98859.1,L1 protein,Human papillomavirus type 16,Alphapapillomavirus 9,,SW0083,531,Japan,Homo sapiens,,"Tanaka,K., Iwata,T., Kukimoto,I.",,2021-07-31,dsDNA
BCZ98867.1,L1 protein,Human papillomavirus type 16,Alphapapillomavirus 9,,SW0087,531,Japan,Homo sapiens,,"Tanaka,K., Iwata,T., Kukimoto,I.",,2021-07-31,dsDNA
BCZ98875.1,L1 protein,Human papillomavirus type 16,Alphapapillomavirus 9,,SW0115,531,Japan,Homo sapiens,,"Tanaka,K., Iwata,T., Kukimoto,I.",,2021-07-31,dsDNA
BCZ98883.1,L1 protein,Human papillomavirus type 16,Alphapapillomavirus 9,,TK0181,531,Japan,Homo sapiens,,"Tanaka,K., Iwata,T., Kukimoto,I.",,2021-07-31,dsDNA
BCZ98891.1,L1 protein,Human papillomavirus type 16,Alphapapillomavirus 9,,TK0205,531,Japan,Homo sapiens,,"Tanaka,K., Iwata,T., Kukimoto,I.",,2021-07-31,dsDNA
BCZ98899.1,L1 protein,Human papillomavirus type 16,Alphapapillomavirus 9,,22-19-P-001,531,Japan,Homo sapiens,,"Tanaka,K., Iwata,T., Kukimoto,I.",,2021-07-31,dsDNA
BCZ98907.1,L1 protein,Human papillomavirus type 16,Alphapapillomavirus 9,,22-19-P-003,531,Japan,Homo sapiens,,"Tanaka,K., Iwata,T., Kukimoto,I.",,2021-07-31,dsDNA
BCZ98915.1,L1 protein,Human papillomavirus type 16,Alphapapillomavirus 9,,22-19-P-008,531,Japan,Homo sapiens,,"Tanaka,K., Iwata,T., Kukimoto,I.",,2021-07-31,dsDNA
BCZ98923.1,L1 protein,Human papillomavirus type 16,Alphapapillomavirus 9,,22-20-P-001,531,Japan,Homo sapiens,,"Tanaka,K., Iwata,T., Kukimoto,I.",,2021-07-31,dsDNA
BCZ98931.1,L1 protein,Human papillomavirus type 16,Alphapapillomavirus 9,,22-20-P-032,531,Japan,Homo sapiens,,"Tanaka,K., Iwata,T., Kukimoto,I.",,2021-07-31,dsDNA
BCZ98939.1,L1 protein,Human papillomavirus type 16,Alphapapillomavirus 9,,22-20-P-048,531,Japan,Homo sapiens,,"Tanaka,K., Iwata,T., Kukimoto,I.",,2021-07-31,dsDNA
BCZ98947.1,L1 protein,Human papillomavirus type 16,Alphapapillomavirus 9,,TK0180,531,Japan,Homo sapiens,,"Tanaka,K., Iwata,T., Kukimoto,I.",,2021-07-31,dsDNA
BCZ98955.1,L1 protein,Human papillomavirus type 16,Alphapapillomavirus 9,,K2818,531,Japan,Homo sapiens,,"Tanaka,K., Iwata,T., Kukimoto,I.",,2021-07-31,dsDNA
BCZ98963.1,L1 protein,Human papillomavirus type 16,Alphapapillomavirus 9,,K2907,531,Japan,Homo sapiens,,"Tanaka,K., Iwata,T., Kukimoto,I.",,2021-07-31,dsDNA
BCZ98971.1,L1 protein,Human papillomavirus type 16,Alphapapillomavirus 9,,K2911,531,Japan,Homo sapiens,,"Tanaka,K., Iwata,T., Kukimoto,I.",,2021-07-31,dsDNA
BCZ98979.1,L1 protein,Human papillomavirus type 16,Alphapapillomavirus 9,,K2928,531,Japan,Homo sapiens,,"Tanaka,K., Iwata,T., Kukimoto,I.",,2021-07-31,dsDNA
BCZ98993.1,L1 protein,Human papillomavirus type 16,Alphapapillomavirus 9,,22-20-P-030,531,Japan,Homo sapiens,,"Tanaka,K., Iwata,T., Kukimoto,I.",,2021-07-31,dsDNA
BCZ99009.1,L1 protein,Human papillomavirus type 16,Alphapapillomavirus 9,,22-20-P-005,531,Japan,Homo sapiens,,"Tanaka,K., Iwata,T., Kukimoto,I.",,2021-07-31,dsDNA
BCZ99017.1,L1 protein,Human papillomavirus type 16,Alphapapillomavirus 9,,K2289,531,Japan,Homo sapiens,,"Tanaka,K., Iwata,T., Kukimoto,I.",,2021-07-31,dsDNA
QQL88061.1,L1,Human papillomavirus type 16,Alphapapillomavirus 9,HPV16,,531,China: Northeast,Homo sapiens,,"Liu,M., Wu,Y.Y., Sun,Z.R., Wu,S., Wang,S.",2017-06-15,2021-01-12,dsDNA
QPB71770.1,L1 protein,Human papillomavirus type 16,Alphapapillomavirus 9,,InDRE 275,531,Mexico,Homo sapiens,cervix,"Manuell-Barrios,R.T., Fragoso-Fonseca,D.E., Garces-Ayala,F., Ramirez-Gonzalez,J.E., Escobar-Escamilla,N., Araiza-Rodriguez,A., Salvador-Patino,A., Mendieta-Condado,E.R.",,2020-11-18,dsDNA
QPB71778.1,L1 protein,Human papillomavirus type 16,Alphapapillomavirus 9,,InDRE 307,531,Mexico,Homo sapiens,cervix,"Manuell-Barrios,R.T., Fragoso-Fonseca,D.E., Garces-Ayala,F., Ramirez-Gonzalez,J.E., Escobar-Escamilla,N., Araiza-Rodriguez,A., Salvador-Patino,A., Mendieta-Condado,E.R.",,2020-11-18,dsDNA
QPB71786.1,L1 protein,Human papillomavirus type 16,Alphapapillomavirus 9,,InDRE 316,531,Mexico,Homo sapiens,cervix,"Manuell-Barrios,R.T., Fragoso-Fonseca,D.E., Garces-Ayala,F., Ramirez-Gonzalez,J.E., Escobar-Escamilla,N., Araiza-Rodriguez,A., Salvador-Patino,A., Mendieta-Condado,E.R.",,2020-11-18,dsDNA
QPB71794.1,L1 protein,Human papillomavirus type 16,Alphapapillomavirus 9,,InDRE 320,531,Mexico,Homo sapiens,cervix,"Manuell-Barrios,R.T., Fragoso-Fonseca,D.E., Garces-Ayala,F., Ramirez-Gonzalez,J.E., Escobar-Escamilla,N., Araiza-Rodriguez,A., Salvador-Patino,A., Mendieta-Condado,E.R.",,2020-11-18,dsDNA
QPB71802.1,L1 protein,Human papillomavirus type 16,Alphapapillomavirus 9,,InDRE 324,531,Mexico,Homo sapiens,cervix,"Manuell-Barrios,R.T., Fragoso-Fonseca,D.E., Garces-Ayala,F., Ramirez-Gonzalez,J.E., Escobar-Escamilla,N., Araiza-Rodriguez,A., Salvador-Patino,A., Mendieta-Condado,E.R.",,2020-11-18,dsDNA
QPB71810.1,L1 protein,Human papillomavirus type 16,Alphapapillomavirus 9,,InDRE 331,531,Mexico,Homo sapiens,cervix,"Manuell-Barrios,R.T., Fragoso-Fonseca,D.E., Garces-Ayala,F., Ramirez-Gonzalez,J.E., Escobar-Escamilla,N., Araiza-Rodriguez,A., Salvador-Patino,A., Mendieta-Condado,E.R.",,2020-11-18,dsDNA
QPB71818.1,L1 protein,Human papillomavirus type 16,Alphapapillomavirus 9,,InDRE 334,531,Mexico,Homo sapiens,cervix,"Manuell-Barrios,R.T., Fragoso-Fonseca,D.E., Garces-Ayala,F., Ramirez-Gonzalez,J.E., Escobar-Escamilla,N., Araiza-Rodriguez,A., Salvador-Patino,A., Mendieta-Condado,E.R.",,2020-11-18,dsDNA
QPB71826.1,L1 protein,Human papillomavirus type 16,Alphapapillomavirus 9,,InDRE 335,531,Mexico,Homo sapiens,cervix,"Manuell-Barrios,R.T., Fragoso-Fonseca,D.E., Garces-Ayala,F., Ramirez-Gonzalez,J.E., Escobar-Escamilla,N., Araiza-Rodriguez,A., Salvador-Patino,A., Mendieta-Condado,E.R.",,2020-11-18,dsDNA
QOI17574.1,L1,Human papillomavirus type 16,Alphapapillomavirus 9,,,533,China,Homo sapiens,,"Zhang,W., Yang,S.",2016,2020-10-12,dsDNA
QOI17579.1,L1,Human papillomavirus type 16,Alphapapillomavirus 9,,,533,China,Homo sapiens,,"Zhang,W., Yang,S.",2016,2020-10-12,dsDNA
CAD1807454.1,L1 protein,Human papillomavirus type 16,Alphapapillomavirus 9,,LNS4390133_HPV16,531,Luxembourg,Homo sapiens,,"Wienecke-Baldacchino K,A.",,2020-09-01,dsDNA
CAD1807471.1,L1,Human papillomavirus type 16,Alphapapillomavirus 9,,LNS4412578_HPV16,531,Luxembourg,Homo sapiens,,"Wienecke-Baldacchino K,A.",,2020-09-01,dsDNA
QMJ53576.1,L1,Human papillomavirus type 16,Alphapapillomavirus 9,,DL0041208,505,Guatemala,Homo sapiens,cervix,"Lou,H., Boland,J.F., Torres-Gonzalez,E., Albanez,A., Zhou,W., Steinberg,M.K., Diaw,L., Mitchell,J., Roberson,D., Cullen,M., Garland,L., Bass,S., Burk,R.D., Yeager,M., Wentzensen,N., Schiffman,M., Alvirez Freites,E., Gharzouzi,E., Mirabello,L., Dean,M., Freites,E.A.",,2020-08-03,dsDNA
QMJ53585.1,L1,Human papillomavirus type 16,Alphapapillomavirus 9,,DL0041189,505,Guatemala,Homo sapiens,cervix,"Lou,H., Boland,J.F., Torres-Gonzalez,E., Albanez,A., Zhou,W., Steinberg,M.K., Diaw,L., Mitchell,J., Roberson,D., Cullen,M., Garland,L., Bass,S., Burk,R.D., Yeager,M., Wentzensen,N., Schiffman,M., Alvirez Freites,E., Gharzouzi,E., Mirabello,L., Dean,M., Freites,E.A.",,2020-08-03,dsDNA
QMJ53593.1,L1,Human papillomavirus type 16,Alphapapillomavirus 9,,DL0043127,505,Guatemala,Homo sapiens,cervix,"Lou,H., Boland,J.F., Torres-Gonzalez,E., Albanez,A., Zhou,W., Steinberg,M.K., Diaw,L., Mitchell,J., Roberson,D., Cullen,M., Garland,L., Bass,S., Burk,R.D., Yeager,M., Wentzensen,N., Schiffman,M., Alvirez Freites,E., Gharzouzi,E., Mirabello,L., Dean,M., Freites,E.A.",,2020-08-03,dsDNA
QMJ53602.1,L1,Human papillomavirus type 16,Alphapapillomavirus 9,,DL0041226,505,Guatemala,Homo sapiens,cervix,"Lou,H., Boland,J.F., Torres-Gonzalez,E., Albanez,A., Zhou,W., Steinberg,M.K., Diaw,L., Mitchell,J., Roberson,D., Cullen,M., Garland,L., Bass,S., Burk,R.D., Yeager,M., Wentzensen,N., Schiffman,M., Alvirez Freites,E., Gharzouzi,E., Mirabello,L., Dean,M., Freites,E.A.",,2020-08-03,dsDNA
QMJ53611.1,L1,Human papillomavirus type 16,Alphapapillomavirus 9,,DL0103160,505,Guatemala,Homo sapiens,cervix,"Lou,H., Boland,J.F., Torres-Gonzalez,E., Albanez,A., Zhou,W., Steinberg,M.K., Diaw,L., Mitchell,J., Roberson,D., Cullen,M., Garland,L., Bass,S., Burk,R.D., Yeager,M., Wentzensen,N., Schiffman,M., Alvirez Freites,E., Gharzouzi,E., Mirabello,L., Dean,M., Freites,E.A.",,2020-08-03,dsDNA
QMJ53617.1,L1,Human papillomavirus type 16,Alphapapillomavirus 9,,DL0041259,505,Guatemala,Homo sapiens,cervix,"Lou,H., Boland,J.F., Torres-Gonzalez,E., Albanez,A., Zhou,W., Steinberg,M.K., Diaw,L., Mitchell,J., Roberson,D., Cullen,M., Garland,L., Bass,S., Burk,R.D., Yeager,M., Wentzensen,N., Schiffman,M., Alvirez Freites,E., Gharzouzi,E., Mirabello,L., Dean,M., Freites,E.A.",,2020-08-03,dsDNA
QMJ53626.1,L1,Human papillomavirus type 16,Alphapapillomavirus 9,,DL0043097,505,Guatemala,Homo sapiens,cervix,"Lou,H., Boland,J.F., Torres-Gonzalez,E., Albanez,A., Zhou,W., Steinberg,M.K., Diaw,L., Mitchell,J., Roberson,D., Cullen,M., Garland,L., Bass,S., Burk,R.D., Yeager,M., Wentzensen,N., Schiffman,M., Alvirez Freites,E., Gharzouzi,E., Mirabello,L., Dean,M., Freites,E.A.",,2020-08-03,dsDNA
QMJ53635.1,L1,Human papillomavirus type 16,Alphapapillomavirus 9,,DL0043122,505,Guatemala,Homo sapiens,cervix,"Lou,H., Boland,J.F., Torres-Gonzalez,E., Albanez,A., Zhou,W., Steinberg,M.K., Diaw,L., Mitchell,J., Roberson,D., Cullen,M., Garland,L., Bass,S., Burk,R.D., Yeager,M., Wentzensen,N., Schiffman,M., Alvirez Freites,E., Gharzouzi,E., Mirabello,L., Dean,M., Freites,E.A.",,2020-08-03,dsDNA
QMJ53644.1,L1,Human papillomavirus type 16,Alphapapillomavirus 9,,DL0043126,505,Guatemala,Homo sapiens,cervix,"Lou,H., Boland,J.F., Torres-Gonzalez,E., Albanez,A., Zhou,W., Steinberg,M.K., Diaw,L., Mitchell,J., Roberson,D., Cullen,M., Garland,L., Bass,S., Burk,R.D., Yeager,M., Wentzensen,N., Schiffman,M., Alvirez Freites,E., Gharzouzi,E., Mirabello,L., Dean,M., Freites,E.A.",,2020-08-03,dsDNA
QMJ53652.1,L1,Human papillomavirus type 16,Alphapapillomavirus 9,,DL0041268,505,Guatemala,Homo sapiens,cervix,"Lou,H., Boland,J.F., Torres-Gonzalez,E., Albanez,A., Zhou,W., Steinberg,M.K., Diaw,L., Mitchell,J., Roberson,D., Cullen,M., Garland,L., Bass,S., Burk,R.D., Yeager,M., Wentzensen,N., Schiffman,M., Alvirez Freites,E., Gharzouzi,E., Mirabello,L., Dean,M., Freites,E.A.",,2020-08-03,dsDNA
QMJ53666.1,L1,Human papillomavirus type 16,Alphapapillomavirus 9,,DL0100853,505,Guatemala,Homo sapiens,cervix,"Lou,H., Boland,J.F., Torres-Gonzalez,E., Albanez,A., Zhou,W., Steinberg,M.K., Diaw,L., Mitchell,J., Roberson,D., Cullen,M., Garland,L., Bass,S., Burk,R.D., Yeager,M., Wentzensen,N., Schiffman,M., Alvirez Freites,E., Gharzouzi,E., Mirabello,L., Dean,M., Freites,E.A.",,2020-08-03,dsDNA
QMJ53675.1,L1,Human papillomavirus type 16,Alphapapillomavirus 9,,DL0041379,505,Guatemala,Homo sapiens,cervix,"Lou,H., Boland,J.F., Torres-Gonzalez,E., Albanez,A., Zhou,W., Steinberg,M.K., Diaw,L., Mitchell,J., Roberson,D., Cullen,M., Garland,L., Bass,S., Burk,R.D., Yeager,M., Wentzensen,N., Schiffman,M., Alvirez Freites,E., Gharzouzi,E., Mirabello,L., Dean,M., Freites,E.A.",,2020-08-03,dsDNA
QMJ53684.1,L1,Human papillomavirus type 16,Alphapapillomavirus 9,,DL0098213,505,Guatemala,Homo sapiens,cervix,"Lou,H., Boland,J.F., Torres-Gonzalez,E., Albanez,A., Zhou,W., Steinberg,M.K., Diaw,L., Mitchell,J., Roberson,D., Cullen,M., Garland,L., Bass,S., Burk,R.D., Yeager,M., Wentzensen,N., Schiffman,M., Alvirez Freites,E., Gharzouzi,E., Mirabello,L., Dean,M., Freites,E.A.",,2020-08-03,dsDNA
QMJ53693.1,L1,Human papillomavirus type 16,Alphapapillomavirus 9,,DL0098152,505,Guatemala,Homo sapiens,cervix,"Lou,H., Boland,J.F., Torres-Gonzalez,E., Albanez,A., Zhou,W., Steinberg,M.K., Diaw,L., Mitchell,J., Roberson,D., Cullen,M., Garland,L., Bass,S., Burk,R.D., Yeager,M., Wentzensen,N., Schiffman,M., Alvirez Freites,E., Gharzouzi,E., Mirabello,L., Dean,M., Freites,E.A.",,2020-08-03,dsDNA
QMJ53702.1,L1,Human papillomavirus type 16,Alphapapillomavirus 9,,DL0041400,505,Guatemala,Homo sapiens,cervix,"Lou,H., Boland,J.F., Torres-Gonzalez,E., Albanez,A., Zhou,W., Steinberg,M.K., Diaw,L., Mitchell,J., Roberson,D., Cullen,M., Garland,L., Bass,S., Burk,R.D., Yeager,M., Wentzensen,N., Schiffman,M., Alvirez Freites,E., Gharzouzi,E., Mirabello,L., Dean,M., Freites,E.A.",,2020-08-03,dsDNA
QMJ53711.1,L1,Human papillomavirus type 16,Alphapapillomavirus 9,,DL0041200,505,Guatemala,Homo sapiens,cervix,"Lou,H., Boland,J.F., Torres-Gonzalez,E., Albanez,A., Zhou,W., Steinberg,M.K., Diaw,L., Mitchell,J., Roberson,D., Cullen,M., Garland,L., Bass,S., Burk,R.D., Yeager,M., Wentzensen,N., Schiffman,M., Alvirez Freites,E., Gharzouzi,E., Mirabello,L., Dean,M., Freites,E.A.",,2020-08-03,dsDNA
QMJ53720.1,L1,Human papillomavirus type 16,Alphapapillomavirus 9,,DL0041388,505,Guatemala,Homo sapiens,cervix,"Lou,H., Boland,J.F., Torres-Gonzalez,E., Albanez,A., Zhou,W., Steinberg,M.K., Diaw,L., Mitchell,J., Roberson,D., Cullen,M., Garland,L., Bass,S., Burk,R.D., Yeager,M., Wentzensen,N., Schiffman,M., Alvirez Freites,E., Gharzouzi,E., Mirabello,L., Dean,M., Freites,E.A.",,2020-08-03,dsDNA
QMJ53729.1,L1,Human papillomavirus type 16,Alphapapillomavirus 9,,DL0098171,505,Guatemala,Homo sapiens,cervix,"Lou,H., Boland,J.F., Torres-Gonzalez,E., Albanez,A., Zhou,W., Steinberg,M.K., Diaw,L., Mitchell,J., Roberson,D., Cullen,M., Garland,L., Bass,S., Burk,R.D., Yeager,M., Wentzensen,N., Schiffman,M., Alvirez Freites,E., Gharzouzi,E., Mirabello,L., Dean,M., Freites,E.A.",,2020-08-03,dsDNA
QMJ53738.1,L1,Human papillomavirus type 16,Alphapapillomavirus 9,,DL0041241,505,Guatemala,Homo sapiens,cervix,"Lou,H., Boland,J.F., Torres-Gonzalez,E., Albanez,A., Zhou,W., Steinberg,M.K., Diaw,L., Mitchell,J., Roberson,D., Cullen,M., Garland,L., Bass,S., Burk,R.D., Yeager,M., Wentzensen,N., Schiffman,M., Alvirez Freites,E., Gharzouzi,E., Mirabello,L., Dean,M., Freites,E.A.",,2020-08-03,dsDNA
QMJ53744.1,L1,Human papillomavirus type 16,Alphapapillomavirus 9,,DL0103196,505,Guatemala,Homo sapiens,cervix,"Lou,H., Boland,J.F., Torres-Gonzalez,E., Albanez,A., Zhou,W., Steinberg,M.K., Diaw,L., Mitchell,J., Roberson,D., Cullen,M., Garland,L., Bass,S., Burk,R.D., Yeager,M., Wentzensen,N., Schiffman,M., Alvirez Freites,E., Gharzouzi,E., Mirabello,L., Dean,M., Freites,E.A.",,2020-08-03,dsDNA
QMJ53753.1,L1,Human papillomavirus type 16,Alphapapillomavirus 9,,DL0043117,505,Guatemala,Homo sapiens,cervix,"Lou,H., Boland,J.F., Torres-Gonzalez,E., Albanez,A., Zhou,W., Steinberg,M.K., Diaw,L., Mitchell,J., Roberson,D., Cullen,M., Garland,L., Bass,S., Burk,R.D., Yeager,M., Wentzensen,N., Schiffman,M., Alvirez Freites,E., Gharzouzi,E., Mirabello,L., Dean,M., Freites,E.A.",,2020-08-03,dsDNA
QMJ53762.1,L1,Human papillomavirus type 16,Alphapapillomavirus 9,,DL0098184,505,Guatemala,Homo sapiens,cervix,"Lou,H., Boland,J.F., Torres-Gonzalez,E., Albanez,A., Zhou,W., Steinberg,M.K., Diaw,L., Mitchell,J., Roberson,D., Cullen,M., Garland,L., Bass,S., Burk,R.D., Yeager,M., Wentzensen,N., Schiffman,M., Alvirez Freites,E., Gharzouzi,E., Mirabello,L., Dean,M., Freites,E.A.",,2020-08-03,dsDNA
QMJ53771.1,L1,Human papillomavirus type 16,Alphapapillomavirus 9,,DL0103226,505,Guatemala,Homo sapiens,cervix,"Lou,H., Boland,J.F., Torres-Gonzalez,E., Albanez,A., Zhou,W., Steinberg,M.K., Diaw,L., Mitchell,J., Roberson,D., Cullen,M., Garland,L., Bass,S., Burk,R.D., Yeager,M., Wentzensen,N., Schiffman,M., Alvirez Freites,E., Gharzouzi,E., Mirabello,L., Dean,M., Freites,E.A.",,2020-08-03,dsDNA
QMJ53780.1,L1,Human papillomavirus type 16,Alphapapillomavirus 9,,DL0041301,505,Guatemala,Homo sapiens,cervix,"Lou,H., Boland,J.F., Torres-Gonzalez,E., Albanez,A., Zhou,W., Steinberg,M.K., Diaw,L., Mitchell,J., Roberson,D., Cullen,M., Garland,L., Bass,S., Burk,R.D., Yeager,M., Wentzensen,N., Schiffman,M., Alvirez Freites,E., Gharzouzi,E., Mirabello,L., Dean,M., Freites,E.A.",,2020-08-03,dsDNA
QMJ53789.1,L1,Human papillomavirus type 16,Alphapapillomavirus 9,,DL0098211,505,Guatemala,Homo sapiens,cervix,"Lou,H., Boland,J.F., Torres-Gonzalez,E., Albanez,A., Zhou,W., Steinberg,M.K., Diaw,L., Mitchell,J., Roberson,D., Cullen,M., Garland,L., Bass,S., Burk,R.D., Yeager,M., Wentzensen,N., Schiffman,M., Alvirez Freites,E., Gharzouzi,E., Mirabello,L., Dean,M., Freites,E.A.",,2020-08-03,dsDNA
QMJ53798.1,L1,Human papillomavirus type 16,Alphapapillomavirus 9,,DL0043110,505,Guatemala,Homo sapiens,cervix,"Lou,H., Boland,J.F., Torres-Gonzalez,E., Albanez,A., Zhou,W., Steinberg,M.K., Diaw,L., Mitchell,J., Roberson,D., Cullen,M., Garland,L., Bass,S., Burk,R.D., Yeager,M., Wentzensen,N., Schiffman,M., Alvirez Freites,E., Gharzouzi,E., Mirabello,L., Dean,M., Freites,E.A.",,2020-08-03,dsDNA
QMJ53807.1,L1,Human papillomavirus type 16,Alphapapillomavirus 9,,DL0041340,505,Guatemala,Homo sapiens,cervix,"Lou,H., Boland,J.F., Torres-Gonzalez,E., Albanez,A., Zhou,W., Steinberg,M.K., Diaw,L., Mitchell,J., Roberson,D., Cullen,M., Garland,L., Bass,S., Burk,R.D., Yeager,M., Wentzensen,N., Schiffman,M., Alvirez Freites,E., Gharzouzi,E., Mirabello,L., Dean,M., Freites,E.A.",,2020-08-03,dsDNA
QMJ53818.1,L1,Human papillomavirus type 16,Alphapapillomavirus 9,,DL0098220,505,Guatemala,Homo sapiens,cervix,"Lou,H., Boland,J.F., Torres-Gonzalez,E., Albanez,A., Zhou,W., Steinberg,M.K., Diaw,L., Mitchell,J., Roberson,D., Cullen,M., Garland,L., Bass,S., Burk,R.D., Yeager,M., Wentzensen,N., Schiffman,M., Alvirez Freites,E., Gharzouzi,E., Mirabello,L., Dean,M., Freites,E.A.",,2020-08-03,dsDNA
QMJ53827.1,L1,Human papillomavirus type 16,Alphapapillomavirus 9,,DL0043135,505,Guatemala,Homo sapiens,cervix,"Lou,H., Boland,J.F., Torres-Gonzalez,E., Albanez,A., Zhou,W., Steinberg,M.K., Diaw,L., Mitchell,J., Roberson,D., Cullen,M., Garland,L., Bass,S., Burk,R.D., Yeager,M., Wentzensen,N., Schiffman,M., Alvirez Freites,E., Gharzouzi,E., Mirabello,L., Dean,M., Freites,E.A.",,2020-08-03,dsDNA
QMJ53836.1,L1,Human papillomavirus type 16,Alphapapillomavirus 9,,DL0041174,505,Guatemala,Homo sapiens,cervix,"Lou,H., Boland,J.F., Torres-Gonzalez,E., Albanez,A., Zhou,W., Steinberg,M.K., Diaw,L., Mitchell,J., Roberson,D., Cullen,M., Garland,L., Bass,S., Burk,R.D., Yeager,M., Wentzensen,N., Schiffman,M., Alvirez Freites,E., Gharzouzi,E., Mirabello,L., Dean,M., Freites,E.A.",,2020-08-03,dsDNA
QMJ53845.1,L1,Human papillomavirus type 16,Alphapapillomavirus 9,,DL0043106,505,Guatemala,Homo sapiens,cervix,"Lou,H., Boland,J.F., Torres-Gonzalez,E., Albanez,A., Zhou,W., Steinberg,M.K., Diaw,L., Mitchell,J., Roberson,D., Cullen,M., Garland,L., Bass,S., Burk,R.D., Yeager,M., Wentzensen,N., Schiffman,M., Alvirez Freites,E., Gharzouzi,E., Mirabello,L., Dean,M., Freites,E.A.",,2020-08-03,dsDNA
QMJ53853.1,L1,Human papillomavirus type 16,Alphapapillomavirus 9,,DL0105330,505,Guatemala,Homo sapiens,cervix,"Lou,H., Boland,J.F., Torres-Gonzalez,E., Albanez,A., Zhou,W., Steinberg,M.K., Diaw,L., Mitchell,J., Roberson,D., Cullen,M., Garland,L., Bass,S., Burk,R.D., Yeager,M., Wentzensen,N., Schiffman,M., Alvirez Freites,E., Gharzouzi,E., Mirabello,L., Dean,M., Freites,E.A.",,2020-08-03,dsDNA
QMJ53871.1,L1,Human papillomavirus type 16,Alphapapillomavirus 9,,DL0041176,505,Guatemala,Homo sapiens,cervix,"Lou,H., Boland,J.F., Torres-Gonzalez,E., Albanez,A., Zhou,W., Steinberg,M.K., Diaw,L., Mitchell,J., Roberson,D., Cullen,M., Garland,L., Bass,S., Burk,R.D., Yeager,M., Wentzensen,N., Schiffman,M., Alvirez Freites,E., Gharzouzi,E., Mirabello,L., Dean,M., Freites,E.A.",,2020-08-03,dsDNA
QMJ53880.1,L1,Human papillomavirus type 16,Alphapapillomavirus 9,,DL0043133,505,Guatemala,Homo sapiens,cervix,"Lou,H., Boland,J.F., Torres-Gonzalez,E., Albanez,A., Zhou,W., Steinberg,M.K., Diaw,L., Mitchell,J., Roberson,D., Cullen,M., Garland,L., Bass,S., Burk,R.D., Yeager,M., Wentzensen,N., Schiffman,M., Alvirez Freites,E., Gharzouzi,E., Mirabello,L., Dean,M., Freites,E.A.",,2020-08-03,dsDNA
QMJ53889.1,L1,Human papillomavirus type 16,Alphapapillomavirus 9,,DL0041165,505,Guatemala,Homo sapiens,cervix,"Lou,H., Boland,J.F., Torres-Gonzalez,E., Albanez,A., Zhou,W., Steinberg,M.K., Diaw,L., Mitchell,J., Roberson,D., Cullen,M., Garland,L., Bass,S., Burk,R.D., Yeager,M., Wentzensen,N., Schiffman,M., Alvirez Freites,E., Gharzouzi,E., Mirabello,L., Dean,M., Freites,E.A.",,2020-08-03,dsDNA
QMJ53898.1,L1,Human papillomavirus type 16,Alphapapillomavirus 9,,DL0100862,505,Guatemala,Homo sapiens,cervix,"Lou,H., Boland,J.F., Torres-Gonzalez,E., Albanez,A., Zhou,W., Steinberg,M.K., Diaw,L., Mitchell,J., Roberson,D., Cullen,M., Garland,L., Bass,S., Burk,R.D., Yeager,M., Wentzensen,N., Schiffman,M., Alvirez Freites,E., Gharzouzi,E., Mirabello,L., Dean,M., Freites,E.A.",,2020-08-03,dsDNA
QMJ53907.1,L1,Human papillomavirus type 16,Alphapapillomavirus 9,,DL0098216,505,Guatemala,Homo sapiens,cervix,"Lou,H., Boland,J.F., Torres-Gonzalez,E., Albanez,A., Zhou,W., Steinberg,M.K., Diaw,L., Mitchell,J., Roberson,D., Cullen,M., Garland,L., Bass,S., Burk,R.D., Yeager,M., Wentzensen,N., Schiffman,M., Alvirez Freites,E., Gharzouzi,E., Mirabello,L., Dean,M., Freites,E.A.",,2020-08-03,dsDNA
QMJ53916.1,L1,Human papillomavirus type 16,Alphapapillomavirus 9,,DL0098218,505,Guatemala,Homo sapiens,cervix,"Lou,H., Boland,J.F., Torres-Gonzalez,E., Albanez,A., Zhou,W., Steinberg,M.K., Diaw,L., Mitchell,J., Roberson,D., Cullen,M., Garland,L., Bass,S., Burk,R.D., Yeager,M., Wentzensen,N., Schiffman,M., Alvirez Freites,E., Gharzouzi,E., Mirabello,L., Dean,M., Freites,E.A.",,2020-08-03,dsDNA
QMJ53925.1,L1,Human papillomavirus type 16,Alphapapillomavirus 9,,DL0043095,505,Guatemala,Homo sapiens,cervix,"Lou,H., Boland,J.F., Torres-Gonzalez,E., Albanez,A., Zhou,W., Steinberg,M.K., Diaw,L., Mitchell,J., Roberson,D., Cullen,M., Garland,L., Bass,S., Burk,R.D., Yeager,M., Wentzensen,N., Schiffman,M., Alvirez Freites,E., Gharzouzi,E., Mirabello,L., Dean,M., Freites,E.A.",,2020-08-03,dsDNA
QMJ53934.1,L1,Human papillomavirus type 16,Alphapapillomavirus 9,,DL0098151,505,Guatemala,Homo sapiens,cervix,"Lou,H., Boland,J.F., Torres-Gonzalez,E., Albanez,A., Zhou,W., Steinberg,M.K., Diaw,L., Mitchell,J., Roberson,D., Cullen,M., Garland,L., Bass,S., Burk,R.D., Yeager,M., Wentzensen,N., Schiffman,M., Alvirez Freites,E., Gharzouzi,E., Mirabello,L., Dean,M., Freites,E.A.",,2020-08-03,dsDNA
QMJ53943.1,L1,Human papillomavirus type 16,Alphapapillomavirus 9,,DL0041331,505,Guatemala,Homo sapiens,cervix,"Lou,H., Boland,J.F., Torres-Gonzalez,E., Albanez,A., Zhou,W., Steinberg,M.K., Diaw,L., Mitchell,J., Roberson,D., Cullen,M., Garland,L., Bass,S., Burk,R.D., Yeager,M., Wentzensen,N., Schiffman,M., Alvirez Freites,E., Gharzouzi,E., Mirabello,L., Dean,M., Freites,E.A.",,2020-08-03,dsDNA
QMJ53952.1,L1,Human papillomavirus type 16,Alphapapillomavirus 9,,DL0041196,505,Guatemala,Homo sapiens,cervix,"Lou,H., Boland,J.F., Torres-Gonzalez,E., Albanez,A., Zhou,W., Steinberg,M.K., Diaw,L., Mitchell,J., Roberson,D., Cullen,M., Garland,L., Bass,S., Burk,R.D., Yeager,M., Wentzensen,N., Schiffman,M., Alvirez Freites,E., Gharzouzi,E., Mirabello,L., Dean,M., Freites,E.A.",,2020-08-03,dsDNA
QMJ53960.1,L1,Human papillomavirus type 16,Alphapapillomavirus 9,,DL0098210,505,Guatemala,Homo sapiens,cervix,"Lou,H., Boland,J.F., Torres-Gonzalez,E., Albanez,A., Zhou,W., Steinberg,M.K., Diaw,L., Mitchell,J., Roberson,D., Cullen,M., Garland,L., Bass,S., Burk,R.D., Yeager,M., Wentzensen,N., Schiffman,M., Alvirez Freites,E., Gharzouzi,E., Mirabello,L., Dean,M., Freites,E.A.",,2020-08-03,dsDNA
QMJ53969.1,L1,Human papillomavirus type 16,Alphapapillomavirus 9,,DL0041319,505,Guatemala,Homo sapiens,cervix,"Lou,H., Boland,J.F., Torres-Gonzalez,E., Albanez,A., Zhou,W., Steinberg,M.K., Diaw,L., Mitchell,J., Roberson,D., Cullen,M., Garland,L., Bass,S., Burk,R.D., Yeager,M., Wentzensen,N., Schiffman,M., Alvirez Freites,E., Gharzouzi,E., Mirabello,L., Dean,M., Freites,E.A.",,2020-08-03,dsDNA
QMJ53978.1,L1,Human papillomavirus type 16,Alphapapillomavirus 9,,DL0041190,505,Guatemala,Homo sapiens,cervix,"Lou,H., Boland,J.F., Torres-Gonzalez,E., Albanez,A., Zhou,W., Steinberg,M.K., Diaw,L., Mitchell,J., Roberson,D., Cullen,M., Garland,L., Bass,S., Burk,R.D., Yeager,M., Wentzensen,N., Schiffman,M., Alvirez Freites,E., Gharzouzi,E., Mirabello,L., Dean,M., Freites,E.A.",,2020-08-03,dsDNA
QMJ53987.1,L1,Human papillomavirus type 16,Alphapapillomavirus 9,,DL0098161,505,Guatemala,Homo sapiens,cervix,"Lou,H., Boland,J.F., Torres-Gonzalez,E., Albanez,A., Zhou,W., Steinberg,M.K., Diaw,L., Mitchell,J., Roberson,D., Cullen,M., Garland,L., Bass,S., Burk,R.D., Yeager,M., Wentzensen,N., Schiffman,M., Alvirez Freites,E., Gharzouzi,E., Mirabello,L., Dean,M., Freites,E.A.",,2020-08-03,dsDNA
QMJ53996.1,L1,Human papillomavirus type 16,Alphapapillomavirus 9,,DL0041193,505,Guatemala,Homo sapiens,cervix,"Lou,H., Boland,J.F., Torres-Gonzalez,E., Albanez,A., Zhou,W., Steinberg,M.K., Diaw,L., Mitchell,J., Roberson,D., Cullen,M., Garland,L., Bass,S., Burk,R.D., Yeager,M., Wentzensen,N., Schiffman,M., Alvirez Freites,E., Gharzouzi,E., Mirabello,L., Dean,M., Freites,E.A.",,2020-08-03,dsDNA
QMJ54005.1,L1,Human papillomavirus type 16,Alphapapillomavirus 9,,DL0103172,505,Guatemala,Homo sapiens,cervix,"Lou,H., Boland,J.F., Torres-Gonzalez,E., Albanez,A., Zhou,W., Steinberg,M.K., Diaw,L., Mitchell,J., Roberson,D., Cullen,M., Garland,L., Bass,S., Burk,R.D., Yeager,M., Wentzensen,N., Schiffman,M., Alvirez Freites,E., Gharzouzi,E., Mirabello,L., Dean,M., Freites,E.A.",,2020-08-03,dsDNA
QMJ54014.1,L1,Human papillomavirus type 16,Alphapapillomavirus 9,,DL0041364,505,Guatemala,Homo sapiens,cervix,"Lou,H., Boland,J.F., Torres-Gonzalez,E., Albanez,A., Zhou,W., Steinberg,M.K., Diaw,L., Mitchell,J., Roberson,D., Cullen,M., Garland,L., Bass,S., Burk,R.D., Yeager,M., Wentzensen,N., Schiffman,M., Alvirez Freites,E., Gharzouzi,E., Mirabello,L., Dean,M., Freites,E.A.",,2020-08-03,dsDNA
QMJ54023.1,L1,Human papillomavirus type 16,Alphapapillomavirus 9,,DL0098167,505,Guatemala,Homo sapiens,cervix,"Lou,H., Boland,J.F., Torres-Gonzalez,E., Albanez,A., Zhou,W., Steinberg,M.K., Diaw,L., Mitchell,J., Roberson,D., Cullen,M., Garland,L., Bass,S., Burk,R.D., Yeager,M., Wentzensen,N., Schiffman,M., Alvirez Freites,E., Gharzouzi,E., Mirabello,L., Dean,M., Freites,E.A.",,2020-08-03,dsDNA
QMJ54032.1,L1,Human papillomavirus type 16,Alphapapillomavirus 9,,DL0041184,505,Guatemala,Homo sapiens,cervix,"Lou,H., Boland,J.F., Torres-Gonzalez,E., Albanez,A., Zhou,W., Steinberg,M.K., Diaw,L., Mitchell,J., Roberson,D., Cullen,M., Garland,L., Bass,S., Burk,R.D., Yeager,M., Wentzensen,N., Schiffman,M., Alvirez Freites,E., Gharzouzi,E., Mirabello,L., Dean,M., Freites,E.A.",,2020-08-03,dsDNA
QMJ54041.1,L1,Human papillomavirus type 16,Alphapapillomavirus 9,,DL0103221,505,Guatemala,Homo sapiens,cervix,"Lou,H., Boland,J.F., Torres-Gonzalez,E., Albanez,A., Zhou,W., Steinberg,M.K., Diaw,L., Mitchell,J., Roberson,D., Cullen,M., Garland,L., Bass,S., Burk,R.D., Yeager,M., Wentzensen,N., Schiffman,M., Alvirez Freites,E., Gharzouzi,E., Mirabello,L., Dean,M., Freites,E.A.",,2020-08-03,dsDNA
QMJ54047.1,L1,Human papillomavirus type 16,Alphapapillomavirus 9,,DL0100860,505,Guatemala,Homo sapiens,cervix,"Lou,H., Boland,J.F., Torres-Gonzalez,E., Albanez,A., Zhou,W., Steinberg,M.K., Diaw,L., Mitchell,J., Roberson,D., Cullen,M., Garland,L., Bass,S., Burk,R.D., Yeager,M., Wentzensen,N., Schiffman,M., Alvirez Freites,E., Gharzouzi,E., Mirabello,L., Dean,M., Freites,E.A.",,2020-08-03,dsDNA
QMJ54056.1,L1,Human papillomavirus type 16,Alphapapillomavirus 9,,DL0041304,505,Guatemala,Homo sapiens,cervix,"Lou,H., Boland,J.F., Torres-Gonzalez,E., Albanez,A., Zhou,W., Steinberg,M.K., Diaw,L., Mitchell,J., Roberson,D., Cullen,M., Garland,L., Bass,S., Burk,R.D., Yeager,M., Wentzensen,N., Schiffman,M., Alvirez Freites,E., Gharzouzi,E., Mirabello,L., Dean,M., Freites,E.A.",,2020-08-03,dsDNA
QMJ54065.1,L1,Human papillomavirus type 16,Alphapapillomavirus 9,,DL0041169,505,Guatemala,Homo sapiens,cervix,"Lou,H., Boland,J.F., Torres-Gonzalez,E., Albanez,A., Zhou,W., Steinberg,M.K., Diaw,L., Mitchell,J., Roberson,D., Cullen,M., Garland,L., Bass,S., Burk,R.D., Yeager,M., Wentzensen,N., Schiffman,M., Alvirez Freites,E., Gharzouzi,E., Mirabello,L., Dean,M., Freites,E.A.",,2020-08-03,dsDNA
QMJ54074.1,L1,Human papillomavirus type 16,Alphapapillomavirus 9,,DL0041179,505,Guatemala,Homo sapiens,cervix,"Lou,H., Boland,J.F., Torres-Gonzalez,E., Albanez,A., Zhou,W., Steinberg,M.K., Diaw,L., Mitchell,J., Roberson,D., Cullen,M., Garland,L., Bass,S., Burk,R.D., Yeager,M., Wentzensen,N., Schiffman,M., Alvirez Freites,E., Gharzouzi,E., Mirabello,L., Dean,M., Freites,E.A.",,2020-08-03,dsDNA
QMJ54083.1,L1,Human papillomavirus type 16,Alphapapillomavirus 9,,DL0041198,505,Guatemala,Homo sapiens,cervix,"Lou,H., Boland,J.F., Torres-Gonzalez,E., Albanez,A., Zhou,W., Steinberg,M.K., Diaw,L., Mitchell,J., Roberson,D., Cullen,M., Garland,L., Bass,S., Burk,R.D., Yeager,M., Wentzensen,N., Schiffman,M., Alvirez Freites,E., Gharzouzi,E., Mirabello,L., Dean,M., Freites,E.A.",,2020-08-03,dsDNA
QMJ54092.1,L1,Human papillomavirus type 16,Alphapapillomavirus 9,,DL0103204,505,Guatemala,Homo sapiens,cervix,"Lou,H., Boland,J.F., Torres-Gonzalez,E., Albanez,A., Zhou,W., Steinberg,M.K., Diaw,L., Mitchell,J., Roberson,D., Cullen,M., Garland,L., Bass,S., Burk,R.D., Yeager,M., Wentzensen,N., Schiffman,M., Alvirez Freites,E., Gharzouzi,E., Mirabello,L., Dean,M., Freites,E.A.",,2020-08-03,dsDNA
QMJ54101.1,L1,Human papillomavirus type 16,Alphapapillomavirus 9,,DL0100873,505,Guatemala,Homo sapiens,cervix,"Lou,H., Boland,J.F., Torres-Gonzalez,E., Albanez,A., Zhou,W., Steinberg,M.K., Diaw,L., Mitchell,J., Roberson,D., Cullen,M., Garland,L., Bass,S., Burk,R.D., Yeager,M., Wentzensen,N., Schiffman,M., Alvirez Freites,E., Gharzouzi,E., Mirabello,L., Dean,M., Freites,E.A.",,2020-08-03,dsDNA
QMJ54110.1,L1,Human papillomavirus type 16,Alphapapillomavirus 9,,DL0098190,505,Guatemala,Homo sapiens,cervix,"Lou,H., Boland,J.F., Torres-Gonzalez,E., Albanez,A., Zhou,W., Steinberg,M.K., Diaw,L., Mitchell,J., Roberson,D., Cullen,M., Garland,L., Bass,S., Burk,R.D., Yeager,M., Wentzensen,N., Schiffman,M., Alvirez Freites,E., Gharzouzi,E., Mirabello,L., Dean,M., Freites,E.A.",,2020-08-03,dsDNA
QMJ54119.1,L1,Human papillomavirus type 16,Alphapapillomavirus 9,,DL0041244,505,Guatemala,Homo sapiens,cervix,"Lou,H., Boland,J.F., Torres-Gonzalez,E., Albanez,A., Zhou,W., Steinberg,M.K., Diaw,L., Mitchell,J., Roberson,D., Cullen,M., Garland,L., Bass,S., Burk,R.D., Yeager,M., Wentzensen,N., Schiffman,M., Alvirez Freites,E., Gharzouzi,E., Mirabello,L., Dean,M., Freites,E.A.",,2020-08-03,dsDNA
QMJ54128.1,L1,Human papillomavirus type 16,Alphapapillomavirus 9,,DL0100836,505,Guatemala,Homo sapiens,cervix,"Lou,H., Boland,J.F., Torres-Gonzalez,E., Albanez,A., Zhou,W., Steinberg,M.K., Diaw,L., Mitchell,J., Roberson,D., Cullen,M., Garland,L., Bass,S., Burk,R.D., Yeager,M., Wentzensen,N., Schiffman,M., Alvirez Freites,E., Gharzouzi,E., Mirabello,L., Dean,M., Freites,E.A.",,2020-08-03,dsDNA
QMJ54137.1,L1,Human papillomavirus type 16,Alphapapillomavirus 9,,DL0041370,505,Guatemala,Homo sapiens,cervix,"Lou,H., Boland,J.F., Torres-Gonzalez,E., Albanez,A., Zhou,W., Steinberg,M.K., Diaw,L., Mitchell,J., Roberson,D., Cullen,M., Garland,L., Bass,S., Burk,R.D., Yeager,M., Wentzensen,N., Schiffman,M., Alvirez Freites,E., Gharzouzi,E., Mirabello,L., Dean,M., Freites,E.A.",,2020-08-03,dsDNA
QMJ54146.1,L1,Human papillomavirus type 16,Alphapapillomavirus 9,,DL0041310,505,Guatemala,Homo sapiens,cervix,"Lou,H., Boland,J.F., Torres-Gonzalez,E., Albanez,A., Zhou,W., Steinberg,M.K., Diaw,L., Mitchell,J., Roberson,D., Cullen,M., Garland,L., Bass,S., Burk,R.D., Yeager,M., Wentzensen,N., Schiffman,M., Alvirez Freites,E., Gharzouzi,E., Mirabello,L., Dean,M., Freites,E.A.",,2020-08-03,dsDNA
QMJ54155.1,L1,Human papillomavirus type 16,Alphapapillomavirus 9,,DL0098156,505,Guatemala,Homo sapiens,cervix,"Lou,H., Boland,J.F., Torres-Gonzalez,E., Albanez,A., Zhou,W., Steinberg,M.K., Diaw,L., Mitchell,J., Roberson,D., Cullen,M., Garland,L., Bass,S., Burk,R.D., Yeager,M., Wentzensen,N., Schiffman,M., Alvirez Freites,E., Gharzouzi,E., Mirabello,L., Dean,M., Freites,E.A.",,2020-08-03,dsDNA
QMJ54164.1,L1,Human papillomavirus type 16,Alphapapillomavirus 9,,DL0098224,505,Guatemala,Homo sapiens,cervix,"Lou,H., Boland,J.F., Torres-Gonzalez,E., Albanez,A., Zhou,W., Steinberg,M.K., Diaw,L., Mitchell,J., Roberson,D., Cullen,M., Garland,L., Bass,S., Burk,R.D., Yeager,M., Wentzensen,N., Schiffman,M., Alvirez Freites,E., Gharzouzi,E., Mirabello,L., Dean,M., Freites,E.A.",,2020-08-03,dsDNA
QMJ54173.1,L1,Human papillomavirus type 16,Alphapapillomavirus 9,,DL0103216,505,Guatemala,Homo sapiens,cervix,"Lou,H., Boland,J.F., Torres-Gonzalez,E., Albanez,A., Zhou,W., Steinberg,M.K., Diaw,L., Mitchell,J., Roberson,D., Cullen,M., Garland,L., Bass,S., Burk,R.D., Yeager,M., Wentzensen,N., Schiffman,M., Alvirez Freites,E., Gharzouzi,E., Mirabello,L., Dean,M., Freites,E.A.",,2020-08-03,dsDNA
QMJ54182.1,L1,Human papillomavirus type 16,Alphapapillomavirus 9,,DL0041307,505,Guatemala,Homo sapiens,cervix,"Lou,H., Boland,J.F., Torres-Gonzalez,E., Albanez,A., Zhou,W., Steinberg,M.K., Diaw,L., Mitchell,J., Roberson,D., Cullen,M., Garland,L., Bass,S., Burk,R.D., Yeager,M., Wentzensen,N., Schiffman,M., Alvirez Freites,E., Gharzouzi,E., Mirabello,L., Dean,M., Freites,E.A.",,2020-08-03,dsDNA
QMJ54191.1,L1,Human papillomavirus type 16,Alphapapillomavirus 9,,DL0103195,505,Guatemala,Homo sapiens,cervix,"Lou,H., Boland,J.F., Torres-Gonzalez,E., Albanez,A., Zhou,W., Steinberg,M.K., Diaw,L., Mitchell,J., Roberson,D., Cullen,M., Garland,L., Bass,S., Burk,R.D., Yeager,M., Wentzensen,N., Schiffman,M., Alvirez Freites,E., Gharzouzi,E., Mirabello,L., Dean,M., Freites,E.A.",,2020-08-03,dsDNA
QMJ54200.1,L1,Human papillomavirus type 16,Alphapapillomavirus 9,,DL0041199,505,Guatemala,Homo sapiens,cervix,"Lou,H., Boland,J.F., Torres-Gonzalez,E., Albanez,A., Zhou,W., Steinberg,M.K., Diaw,L., Mitchell,J., Roberson,D., Cullen,M., Garland,L., Bass,S., Burk,R.D., Yeager,M., Wentzensen,N., Schiffman,M., Alvirez Freites,E., Gharzouzi,E., Mirabello,L., Dean,M., Freites,E.A.",,2020-08-03,dsDNA
QMJ54209.1,L1,Human papillomavirus type 16,Alphapapillomavirus 9,,DL0103207,505,Guatemala,Homo sapiens,cervix,"Lou,H., Boland,J.F., Torres-Gonzalez,E., Albanez,A., Zhou,W., Steinberg,M.K., Diaw,L., Mitchell,J., Roberson,D., Cullen,M., Garland,L., Bass,S., Burk,R.D., Yeager,M., Wentzensen,N., Schiffman,M., Alvirez Freites,E., Gharzouzi,E., Mirabello,L., Dean,M., Freites,E.A.",,2020-08-03,dsDNA
QMJ54218.1,L1,Human papillomavirus type 16,Alphapapillomavirus 9,,DL0098180,505,Guatemala,Homo sapiens,cervix,"Lou,H., Boland,J.F., Torres-Gonzalez,E., Albanez,A., Zhou,W., Steinberg,M.K., Diaw,L., Mitchell,J., Roberson,D., Cullen,M., Garland,L., Bass,S., Burk,R.D., Yeager,M., Wentzensen,N., Schiffman,M., Alvirez Freites,E., Gharzouzi,E., Mirabello,L., Dean,M., Freites,E.A.",,2020-08-03,dsDNA
QMJ54227.1,L1,Human papillomavirus type 16,Alphapapillomavirus 9,,DL0100842,505,Guatemala,Homo sapiens,cervix,"Lou,H., Boland,J.F., Torres-Gonzalez,E., Albanez,A., Zhou,W., Steinberg,M.K., Diaw,L., Mitchell,J., Roberson,D., Cullen,M., Garland,L., Bass,S., Burk,R.D., Yeager,M., Wentzensen,N., Schiffman,M., Alvirez Freites,E., Gharzouzi,E., Mirabello,L., Dean,M., Freites,E.A.",,2020-08-03,dsDNA
QMJ54234.1,L1,Human papillomavirus type 16,Alphapapillomavirus 9,,DL0103225,505,Guatemala,Homo sapiens,cervix,"Lou,H., Boland,J.F., Torres-Gonzalez,E., Albanez,A., Zhou,W., Steinberg,M.K., Diaw,L., Mitchell,J., Roberson,D., Cullen,M., Garland,L., Bass,S., Burk,R.D., Yeager,M., Wentzensen,N., Schiffman,M., Alvirez Freites,E., Gharzouzi,E., Mirabello,L., Dean,M., Freites,E.A.",,2020-08-03,dsDNA
QMJ54242.1,L1,Human papillomavirus type 16,Alphapapillomavirus 9,,DL0041235,505,Guatemala,Homo sapiens,cervix,"Lou,H., Boland,J.F., Torres-Gonzalez,E., Albanez,A., Zhou,W., Steinberg,M.K., Diaw,L., Mitchell,J., Roberson,D., Cullen,M., Garland,L., Bass,S., Burk,R.D., Yeager,M., Wentzensen,N., Schiffman,M., Alvirez Freites,E., Gharzouzi,E., Mirabello,L., Dean,M., Freites,E.A.",,2020-08-03,dsDNA
QMJ54251.1,L1,Human papillomavirus type 16,Alphapapillomavirus 9,,DL0043116,505,Guatemala,Homo sapiens,cervix,"Lou,H., Boland,J.F., Torres-Gonzalez,E., Albanez,A., Zhou,W., Steinberg,M.K., Diaw,L., Mitchell,J., Roberson,D., Cullen,M., Garland,L., Bass,S., Burk,R.D., Yeager,M., Wentzensen,N., Schiffman,M., Alvirez Freites,E., Gharzouzi,E., Mirabello,L., Dean,M., Freites,E.A.",,2020-08-03,dsDNA
QMJ54258.1,L1,Human papillomavirus type 16,Alphapapillomavirus 9,,DL0098195,505,Guatemala,Homo sapiens,cervix,"Lou,H., Boland,J.F., Torres-Gonzalez,E., Albanez,A., Zhou,W., Steinberg,M.K., Diaw,L., Mitchell,J., Roberson,D., Cullen,M., Garland,L., Bass,S., Burk,R.D., Yeager,M., Wentzensen,N., Schiffman,M., Alvirez Freites,E., Gharzouzi,E., Mirabello,L., Dean,M., Freites,E.A.",,2020-08-03,dsDNA
QMJ54267.1,L1,Human papillomavirus type 16,Alphapapillomavirus 9,,DL0100857,505,Guatemala,Homo sapiens,cervix,"Lou,H., Boland,J.F., Torres-Gonzalez,E., Albanez,A., Zhou,W., Steinberg,M.K., Diaw,L., Mitchell,J., Roberson,D., Cullen,M., Garland,L., Bass,S., Burk,R.D., Yeager,M., Wentzensen,N., Schiffman,M., Alvirez Freites,E., Gharzouzi,E., Mirabello,L., Dean,M., Freites,E.A.",,2020-08-03,dsDNA
QMJ54276.1,L1,Human papillomavirus type 16,Alphapapillomavirus 9,,DL0043131,505,Guatemala,Homo sapiens,cervix,"Lou,H., Boland,J.F., Torres-Gonzalez,E., Albanez,A., Zhou,W., Steinberg,M.K., Diaw,L., Mitchell,J., Roberson,D., Cullen,M., Garland,L., Bass,S., Burk,R.D., Yeager,M., Wentzensen,N., Schiffman,M., Alvirez Freites,E., Gharzouzi,E., Mirabello,L., Dean,M., Freites,E.A.",,2020-08-03,dsDNA
QMJ54285.1,L1,Human papillomavirus type 16,Alphapapillomavirus 9,,DL0043094,505,Guatemala,Homo sapiens,cervix,"Lou,H., Boland,J.F., Torres-Gonzalez,E., Albanez,A., Zhou,W., Steinberg,M.K., Diaw,L., Mitchell,J., Roberson,D., Cullen,M., Garland,L., Bass,S., Burk,R.D., Yeager,M., Wentzensen,N., Schiffman,M., Alvirez Freites,E., Gharzouzi,E., Mirabello,L., Dean,M., Freites,E.A.",,2020-08-03,dsDNA
QMJ54294.1,L1,Human papillomavirus type 16,Alphapapillomavirus 9,,DL0041334,505,Guatemala,Homo sapiens,cervix,"Lou,H., Boland,J.F., Torres-Gonzalez,E., Albanez,A., Zhou,W., Steinberg,M.K., Diaw,L., Mitchell,J., Roberson,D., Cullen,M., Garland,L., Bass,S., Burk,R.D., Yeager,M., Wentzensen,N., Schiffman,M., Alvirez Freites,E., Gharzouzi,E., Mirabello,L., Dean,M., Freites,E.A.",,2020-08-03,dsDNA
QMJ54303.1,L1,Human papillomavirus type 16,Alphapapillomavirus 9,,DL0098219,505,Guatemala,Homo sapiens,cervix,"Lou,H., Boland,J.F., Torres-Gonzalez,E., Albanez,A., Zhou,W., Steinberg,M.K., Diaw,L., Mitchell,J., Roberson,D., Cullen,M., Garland,L., Bass,S., Burk,R.D., Yeager,M., Wentzensen,N., Schiffman,M., Alvirez Freites,E., Gharzouzi,E., Mirabello,L., Dean,M., Freites,E.A.",,2020-08-03,dsDNA
QMJ54312.1,L1,Human papillomavirus type 16,Alphapapillomavirus 9,,DL0098206,505,Guatemala,Homo sapiens,cervix,"Lou,H., Boland,J.F., Torres-Gonzalez,E., Albanez,A., Zhou,W., Steinberg,M.K., Diaw,L., Mitchell,J., Roberson,D., Cullen,M., Garland,L., Bass,S., Burk,R.D., Yeager,M., Wentzensen,N., Schiffman,M., Alvirez Freites,E., Gharzouzi,E., Mirabello,L., Dean,M., Freites,E.A.",,2020-08-03,dsDNA
QMJ54321.1,L1,Human papillomavirus type 16,Alphapapillomavirus 9,,DL0041328,505,Guatemala,Homo sapiens,cervix,"Lou,H., Boland,J.F., Torres-Gonzalez,E., Albanez,A., Zhou,W., Steinberg,M.K., Diaw,L., Mitchell,J., Roberson,D., Cullen,M., Garland,L., Bass,S., Burk,R.D., Yeager,M., Wentzensen,N., Schiffman,M., Alvirez Freites,E., Gharzouzi,E., Mirabello,L., Dean,M., Freites,E.A.",,2020-08-03,dsDNA
QMJ54330.1,L1,Human papillomavirus type 16,Alphapapillomavirus 9,,DL0098159,505,Guatemala,Homo sapiens,cervix,"Lou,H., Boland,J.F., Torres-Gonzalez,E., Albanez,A., Zhou,W., Steinberg,M.K., Diaw,L., Mitchell,J., Roberson,D., Cullen,M., Garland,L., Bass,S., Burk,R.D., Yeager,M., Wentzensen,N., Schiffman,M., Alvirez Freites,E., Gharzouzi,E., Mirabello,L., Dean,M., Freites,E.A.",,2020-08-03,dsDNA
QMJ54339.1,L1,Human papillomavirus type 16,Alphapapillomavirus 9,,DL0041232,505,Guatemala,Homo sapiens,cervix,"Lou,H., Boland,J.F., Torres-Gonzalez,E., Albanez,A., Zhou,W., Steinberg,M.K., Diaw,L., Mitchell,J., Roberson,D., Cullen,M., Garland,L., Bass,S., Burk,R.D., Yeager,M., Wentzensen,N., Schiffman,M., Alvirez Freites,E., Gharzouzi,E., Mirabello,L., Dean,M., Freites,E.A.",,2020-08-03,dsDNA
QMJ54348.1,L1,Human papillomavirus type 16,Alphapapillomavirus 9,,DL0041166,505,Guatemala,Homo sapiens,cervix,"Lou,H., Boland,J.F., Torres-Gonzalez,E., Albanez,A., Zhou,W., Steinberg,M.K., Diaw,L., Mitchell,J., Roberson,D., Cullen,M., Garland,L., Bass,S., Burk,R.D., Yeager,M., Wentzensen,N., Schiffman,M., Alvirez Freites,E., Gharzouzi,E., Mirabello,L., Dean,M., Freites,E.A.",,2020-08-03,dsDNA
QMJ54357.1,L1,Human papillomavirus type 16,Alphapapillomavirus 9,,DL0041262,505,Guatemala,Homo sapiens,cervix,"Lou,H., Boland,J.F., Torres-Gonzalez,E., Albanez,A., Zhou,W., Steinberg,M.K., Diaw,L., Mitchell,J., Roberson,D., Cullen,M., Garland,L., Bass,S., Burk,R.D., Yeager,M., Wentzensen,N., Schiffman,M., Alvirez Freites,E., Gharzouzi,E., Mirabello,L., Dean,M., Freites,E.A.",,2020-08-03,dsDNA
QMJ54366.1,L1,Human papillomavirus type 16,Alphapapillomavirus 9,,DL0041188,505,Guatemala,Homo sapiens,cervix,"Lou,H., Boland,J.F., Torres-Gonzalez,E., Albanez,A., Zhou,W., Steinberg,M.K., Diaw,L., Mitchell,J., Roberson,D., Cullen,M., Garland,L., Bass,S., Burk,R.D., Yeager,M., Wentzensen,N., Schiffman,M., Alvirez Freites,E., Gharzouzi,E., Mirabello,L., Dean,M., Freites,E.A.",,2020-08-03,dsDNA
QMJ54375.1,L1,Human papillomavirus type 16,Alphapapillomavirus 9,,DL0103215,505,Guatemala,Homo sapiens,cervix,"Lou,H., Boland,J.F., Torres-Gonzalez,E., Albanez,A., Zhou,W., Steinberg,M.K., Diaw,L., Mitchell,J., Roberson,D., Cullen,M., Garland,L., Bass,S., Burk,R.D., Yeager,M., Wentzensen,N., Schiffman,M., Alvirez Freites,E., Gharzouzi,E., Mirabello,L., Dean,M., Freites,E.A.",,2020-08-03,dsDNA
QMJ54384.1,L1,Human papillomavirus type 16,Alphapapillomavirus 9,,DL0041192,505,Guatemala,Homo sapiens,cervix,"Lou,H., Boland,J.F., Torres-Gonzalez,E., Albanez,A., Zhou,W., Steinberg,M.K., Diaw,L., Mitchell,J., Roberson,D., Cullen,M., Garland,L., Bass,S., Burk,R.D., Yeager,M., Wentzensen,N., Schiffman,M., Alvirez Freites,E., Gharzouzi,E., Mirabello,L., Dean,M., Freites,E.A.",,2020-08-03,dsDNA
QMJ54392.1,L1,Human papillomavirus type 16,Alphapapillomavirus 9,,DL0103228,505,Guatemala,Homo sapiens,cervix,"Lou,H., Boland,J.F., Torres-Gonzalez,E., Albanez,A., Zhou,W., Steinberg,M.K., Diaw,L., Mitchell,J., Roberson,D., Cullen,M., Garland,L., Bass,S., Burk,R.D., Yeager,M., Wentzensen,N., Schiffman,M., Alvirez Freites,E., Gharzouzi,E., Mirabello,L., Dean,M., Freites,E.A.",,2020-08-03,dsDNA
BBP42198.1,L1 protein,Human papillomavirus type 16,Alphapapillomavirus 9,,SW061,531,Japan,Homo sapiens,,"Yamaguchi,M., Hirose,Y., Tenjimbayashi,Y., Onuki,M., Iwata,T., Matsumoto,K., Kukimoto,I.",,2019-11-26,dsDNA
BBP42206.1,L1 protein,Human papillomavirus type 16,Alphapapillomavirus 9,,SW063,531,Japan,Homo sapiens,,"Yamaguchi,M., Hirose,Y., Tenjimbayashi,Y., Onuki,M., Iwata,T., Matsumoto,K., Kukimoto,I.",,2019-11-26,dsDNA
BBP42214.1,L1 protein,Human papillomavirus type 16,Alphapapillomavirus 9,,SW064,531,Japan,Homo sapiens,,"Yamaguchi,M., Hirose,Y., Tenjimbayashi,Y., Onuki,M., Iwata,T., Matsumoto,K., Kukimoto,I.",,2019-11-26,dsDNA
BBP42222.1,L1 protein,Human papillomavirus type 16,Alphapapillomavirus 9,,SW069,531,Japan,Homo sapiens,,"Yamaguchi,M., Hirose,Y., Tenjimbayashi,Y., Onuki,M., Iwata,T., Matsumoto,K., Kukimoto,I.",,2019-11-26,dsDNA
BBP42230.1,L1 protein,Human papillomavirus type 16,Alphapapillomavirus 9,,SW070,531,Japan,Homo sapiens,,"Yamaguchi,M., Hirose,Y., Tenjimbayashi,Y., Onuki,M., Iwata,T., Matsumoto,K., Kukimoto,I.",,2019-11-26,dsDNA
BBP42238.1,L1 protein,Human papillomavirus type 16,Alphapapillomavirus 9,,TK171,531,Japan,Homo sapiens,,"Yamaguchi,M., Hirose,Y., Tenjimbayashi,Y., Onuki,M., Iwata,T., Matsumoto,K., Kukimoto,I.",,2019-11-26,dsDNA
BBP42246.1,L1 protein,Human papillomavirus type 16,Alphapapillomavirus 9,,TK174,531,Japan,Homo sapiens,,"Yamaguchi,M., Hirose,Y., Tenjimbayashi,Y., Onuki,M., Iwata,T., Matsumoto,K., Kukimoto,I.",,2019-11-26,dsDNA
BBP42254.1,L1 protein,Human papillomavirus type 16,Alphapapillomavirus 9,,TK179,531,Japan,Homo sapiens,,"Yamaguchi,M., Hirose,Y., Tenjimbayashi,Y., Onuki,M., Iwata,T., Matsumoto,K., Kukimoto,I.",,2019-11-26,dsDNA
QGC89586.1,L1 protein,Human papillomavirus type 16,Alphapapillomavirus 9,,HPV16/Kp/L1/2019,531,Iran,,,"Ghobakhloo,R., Ebadi,M., Shafaati,M.",2019-05-20,2019-11-13,dsDNA
QEG53826.1,L1 protein,Human papillomavirus type 16,Alphapapillomavirus 9,,xuca1916,531,China,Homo sapiens,,"Xu,H., Zhang,W.",2018,2019-08-26,dsDNA
QDH43415.1,major capsid protein L1,Human papillomavirus type 16,Alphapapillomavirus 9,,MazC1,531,Iran,Homo sapiens,cervix,"Mousavi,T., Rafiei,A., Haghshenas,M.R., Sadeghain-Kiadehi,S.F., Valadan,R.",,2019-07-07,dsDNA
BBI16004.1,L1 protein,Human papillomavirus type 16,Alphapapillomavirus 9,,K0013,531,Japan,Homo sapiens,,"Kukimoto,I., Matsumoto,K., Hirose,Y., Tenjimbayashi,Y., Onuki,M., Iwata,T.",,2019-03-14,dsDNA
BBI16012.1,L1 protein,Human papillomavirus type 16,Alphapapillomavirus 9,,K0075,531,Japan,Homo sapiens,,"Kukimoto,I., Matsumoto,K., Hirose,Y., Tenjimbayashi,Y., Onuki,M., Iwata,T.",,2019-03-14,dsDNA
BBI16020.1,L1 protein,Human papillomavirus type 16,Alphapapillomavirus 9,,K0183,531,Japan,Homo sapiens,,"Kukimoto,I., Matsumoto,K., Hirose,Y., Tenjimbayashi,Y., Onuki,M., Iwata,T.",,2019-03-14,dsDNA
BBI16028.1,L1 protein,Human papillomavirus type 16,Alphapapillomavirus 9,,K0256,531,Japan,Homo sapiens,,"Kukimoto,I., Matsumoto,K., Hirose,Y., Tenjimbayashi,Y., Onuki,M., Iwata,T.",,2019-03-14,dsDNA
BBI16036.1,L1 protein,Human papillomavirus type 16,Alphapapillomavirus 9,,K0379,531,Japan,Homo sapiens,,"Kukimoto,I., Matsumoto,K., Hirose,Y., Tenjimbayashi,Y., Onuki,M., Iwata,T.",,2019-03-14,dsDNA
BBI16044.1,L1 protein,Human papillomavirus type 16,Alphapapillomavirus 9,,K0924,531,Japan,Homo sapiens,,"Kukimoto,I., Matsumoto,K., Hirose,Y., Tenjimbayashi,Y., Onuki,M., Iwata,T.",,2019-03-14,dsDNA
BBI16052.1,L1 protein,Human papillomavirus type 16,Alphapapillomavirus 9,,K0976,531,Japan,Homo sapiens,,"Kukimoto,I., Matsumoto,K., Hirose,Y., Tenjimbayashi,Y., Onuki,M., Iwata,T.",,2019-03-14,dsDNA
BBI16060.1,L1 protein,Human papillomavirus type 16,Alphapapillomavirus 9,,K1332,531,Japan,Homo sapiens,,"Kukimoto,I., Matsumoto,K., Hirose,Y., Tenjimbayashi,Y., Onuki,M., Iwata,T.",,2019-03-14,dsDNA
BBI16068.1,L1 protein,Human papillomavirus type 16,Alphapapillomavirus 9,,K1347,531,Japan,Homo sapiens,,"Kukimoto,I., Matsumoto,K., Hirose,Y., Tenjimbayashi,Y., Onuki,M., Iwata,T.",,2019-03-14,dsDNA
BBI16076.1,L1 protein,Human papillomavirus type 16,Alphapapillomavirus 9,,K1370,531,Japan,Homo sapiens,,"Kukimoto,I., Matsumoto,K., Hirose,Y., Tenjimbayashi,Y., Onuki,M., Iwata,T.",,2019-03-14,dsDNA
BBI16084.1,L1 protein,Human papillomavirus type 16,Alphapapillomavirus 9,,K1386,531,Japan,Homo sapiens,,"Kukimoto,I., Matsumoto,K., Hirose,Y., Tenjimbayashi,Y., Onuki,M., Iwata,T.",,2019-03-14,dsDNA
BBI16092.1,L1 protein,Human papillomavirus type 16,Alphapapillomavirus 9,,K1551,531,Japan,Homo sapiens,,"Kukimoto,I., Matsumoto,K., Hirose,Y., Tenjimbayashi,Y., Onuki,M., Iwata,T.",,2019-03-14,dsDNA
BBI16100.1,L1 protein,Human papillomavirus type 16,Alphapapillomavirus 9,,K1630,531,Japan,Homo sapiens,,"Kukimoto,I., Matsumoto,K., Hirose,Y., Tenjimbayashi,Y., Onuki,M., Iwata,T.",,2019-03-14,dsDNA
BBI16108.1,L1 protein,Human papillomavirus type 16,Alphapapillomavirus 9,,K1829,531,Japan,Homo sapiens,,"Kukimoto,I., Matsumoto,K., Hirose,Y., Tenjimbayashi,Y., Onuki,M., Iwata,T.",,2019-03-14,dsDNA
BBI16116.1,L1 protein,Human papillomavirus type 16,Alphapapillomavirus 9,,K1839,531,Japan,Homo sapiens,,"Kukimoto,I., Matsumoto,K., Hirose,Y., Tenjimbayashi,Y., Onuki,M., Iwata,T.",,2019-03-14,dsDNA
BBI16124.1,L1 protein,Human papillomavirus type 16,Alphapapillomavirus 9,,K1882,531,Japan,Homo sapiens,,"Kukimoto,I., Matsumoto,K., Hirose,Y., Tenjimbayashi,Y., Onuki,M., Iwata,T.",,2019-03-14,dsDNA
BBI16132.1,L1 protein,Human papillomavirus type 16,Alphapapillomavirus 9,,K1885,531,Japan,Homo sapiens,,"Kukimoto,I., Matsumoto,K., Hirose,Y., Tenjimbayashi,Y., Onuki,M., Iwata,T.",,2019-03-14,dsDNA
BBI16140.1,L1 protein,Human papillomavirus type 16,Alphapapillomavirus 9,,K1935,531,Japan,Homo sapiens,,"Kukimoto,I., Matsumoto,K., Hirose,Y., Tenjimbayashi,Y., Onuki,M., Iwata,T.",,2019-03-14,dsDNA
BBI16148.1,L1 protein,Human papillomavirus type 16,Alphapapillomavirus 9,,K0184,531,Japan,Homo sapiens,,"Kukimoto,I., Matsumoto,K., Hirose,Y., Tenjimbayashi,Y., Onuki,M., Iwata,T.",,2019-03-14,dsDNA
BBI16156.1,L1 protein,Human papillomavirus type 16,Alphapapillomavirus 9,,K0948,531,Japan,Homo sapiens,,"Kukimoto,I., Matsumoto,K., Hirose,Y., Tenjimbayashi,Y., Onuki,M., Iwata,T.",,2019-03-14,dsDNA
BBI16164.1,L1 protein,Human papillomavirus type 16,Alphapapillomavirus 9,,K1309,531,Japan,Homo sapiens,,"Kukimoto,I., Matsumoto,K., Hirose,Y., Tenjimbayashi,Y., Onuki,M., Iwata,T.",,2019-03-14,dsDNA
BBI16172.1,L1 protein,Human papillomavirus type 16,Alphapapillomavirus 9,,K1429,531,Japan,Homo sapiens,,"Kukimoto,I., Matsumoto,K., Hirose,Y., Tenjimbayashi,Y., Onuki,M., Iwata,T.",,2019-03-14,dsDNA
BBI18726.1,L1 protein,Human papillomavirus type 16,Alphapapillomavirus 9,,K1753,531,Japan,Homo sapiens,,"Kukimoto,I., Matsumoto,K., Hirose,Y., Tenjimbayashi,Y., Onuki,M., Iwata,T.",,2019-03-14,dsDNA
BBI18734.1,L1 protein,Human papillomavirus type 16,Alphapapillomavirus 9,,K1755,531,Japan,Homo sapiens,,"Kukimoto,I., Matsumoto,K., Hirose,Y., Tenjimbayashi,Y., Onuki,M., Iwata,T.",,2019-03-14,dsDNA
BBI18742.1,L1 protein,Human papillomavirus type 16,Alphapapillomavirus 9,,K1784,531,Japan,Homo sapiens,,"Kukimoto,I., Matsumoto,K., Hirose,Y., Tenjimbayashi,Y., Onuki,M., Iwata,T.",,2019-03-14,dsDNA
BBI18750.1,L1 protein,Human papillomavirus type 16,Alphapapillomavirus 9,,K1792,531,Japan,Homo sapiens,,"Kukimoto,I., Matsumoto,K., Hirose,Y., Tenjimbayashi,Y., Onuki,M., Iwata,T.",,2019-03-14,dsDNA
BBI18758.1,L1 protein,Human papillomavirus type 16,Alphapapillomavirus 9,,K1805,531,Japan,Homo sapiens,,"Kukimoto,I., Matsumoto,K., Hirose,Y., Tenjimbayashi,Y., Onuki,M., Iwata,T.",,2019-03-14,dsDNA
BBI18766.1,L1 protein,Human papillomavirus type 16,Alphapapillomavirus 9,,K1809,531,Japan,Homo sapiens,,"Kukimoto,I., Matsumoto,K., Hirose,Y., Tenjimbayashi,Y., Onuki,M., Iwata,T.",,2019-03-14,dsDNA
BBI18774.1,L1 protein,Human papillomavirus type 16,Alphapapillomavirus 9,,K1825,531,Japan,Homo sapiens,,"Kukimoto,I., Matsumoto,K., Hirose,Y., Tenjimbayashi,Y., Onuki,M., Iwata,T.",,2019-03-14,dsDNA
BBI18782.1,L1 protein,Human papillomavirus type 16,Alphapapillomavirus 9,,K1844,531,Japan,Homo sapiens,,"Kukimoto,I., Matsumoto,K., Hirose,Y., Tenjimbayashi,Y., Onuki,M., Iwata,T.",,2019-03-14,dsDNA
BBI18790.1,L1 protein,Human papillomavirus type 16,Alphapapillomavirus 9,,K1995,531,Japan,Homo sapiens,,"Kukimoto,I., Matsumoto,K., Hirose,Y., Tenjimbayashi,Y., Onuki,M., Iwata,T.",,2019-03-14,dsDNA
BBI18798.1,L1 protein,Human papillomavirus type 16,Alphapapillomavirus 9,,K2022,531,Japan,Homo sapiens,,"Kukimoto,I., Matsumoto,K., Hirose,Y., Tenjimbayashi,Y., Onuki,M., Iwata,T.",,2019-03-14,dsDNA
BBI18806.1,L1 protein,Human papillomavirus type 16,Alphapapillomavirus 9,,K2039,531,Japan,Homo sapiens,,"Kukimoto,I., Matsumoto,K., Hirose,Y., Tenjimbayashi,Y., Onuki,M., Iwata,T.",,2019-03-14,dsDNA
BBI18814.1,L1 protein,Human papillomavirus type 16,Alphapapillomavirus 9,,K2041,531,Japan,Homo sapiens,,"Kukimoto,I., Matsumoto,K., Hirose,Y., Tenjimbayashi,Y., Onuki,M., Iwata,T.",,2019-03-14,dsDNA
BBI18822.1,L1 protein,Human papillomavirus type 16,Alphapapillomavirus 9,,K2057,531,Japan,Homo sapiens,,"Kukimoto,I., Matsumoto,K., Hirose,Y., Tenjimbayashi,Y., Onuki,M., Iwata,T.",,2019-03-14,dsDNA
BBI18830.1,L1 protein,Human papillomavirus type 16,Alphapapillomavirus 9,,K2063,531,Japan,Homo sapiens,,"Kukimoto,I., Matsumoto,K., Hirose,Y., Tenjimbayashi,Y., Onuki,M., Iwata,T.",,2019-03-14,dsDNA
BBI18838.1,L1 protein,Human papillomavirus type 16,Alphapapillomavirus 9,,K2067,531,Japan,Homo sapiens,,"Kukimoto,I., Matsumoto,K., Hirose,Y., Tenjimbayashi,Y., Onuki,M., Iwata,T.",,2019-03-14,dsDNA
BBI18846.1,L1 protein,Human papillomavirus type 16,Alphapapillomavirus 9,,K2111,531,Japan,Homo sapiens,,"Kukimoto,I., Matsumoto,K., Hirose,Y., Tenjimbayashi,Y., Onuki,M., Iwata,T.",,2019-03-14,dsDNA
BBI18854.1,L1 protein,Human papillomavirus type 16,Alphapapillomavirus 9,,K2124,531,Japan,Homo sapiens,,"Kukimoto,I., Matsumoto,K., Hirose,Y., Tenjimbayashi,Y., Onuki,M., Iwata,T.",,2019-03-14,dsDNA
BBI18862.1,L1 protein,Human papillomavirus type 16,Alphapapillomavirus 9,,K2145,531,Japan,Homo sapiens,,"Kukimoto,I., Matsumoto,K., Hirose,Y., Tenjimbayashi,Y., Onuki,M., Iwata,T.",,2019-03-14,dsDNA
BBI18870.1,L1 protein,Human papillomavirus type 16,Alphapapillomavirus 9,,K2175,531,Japan,Homo sapiens,,"Kukimoto,I., Matsumoto,K., Hirose,Y., Tenjimbayashi,Y., Onuki,M., Iwata,T.",,2019-03-14,dsDNA
BBI18878.1,L1 protein,Human papillomavirus type 16,Alphapapillomavirus 9,,K1198,531,Japan,Homo sapiens,,"Kukimoto,I., Matsumoto,K., Hirose,Y., Tenjimbayashi,Y., Onuki,M., Iwata,T.",,2019-03-14,dsDNA
BBI18886.1,L1 protein,Human papillomavirus type 16,Alphapapillomavirus 9,,K1529,531,Japan,Homo sapiens,,"Kukimoto,I., Matsumoto,K., Hirose,Y., Tenjimbayashi,Y., Onuki,M., Iwata,T.",,2019-03-14,dsDNA
BBI18894.1,L1 protein,Human papillomavirus type 16,Alphapapillomavirus 9,,K0854,531,Japan,Homo sapiens,,"Kukimoto,I., Matsumoto,K., Hirose,Y., Tenjimbayashi,Y., Onuki,M., Iwata,T.",,2019-03-14,dsDNA
BBI18902.1,L1 protein,Human papillomavirus type 16,Alphapapillomavirus 9,,K2118,531,Japan,Homo sapiens,,"Kukimoto,I., Matsumoto,K., Hirose,Y., Tenjimbayashi,Y., Onuki,M., Iwata,T.",,2019-03-14,dsDNA
BBI18910.1,L1 protein,Human papillomavirus type 16,Alphapapillomavirus 9,,SW0050,531,Japan,Homo sapiens,,"Kukimoto,I., Matsumoto,K., Hirose,Y., Tenjimbayashi,Y., Onuki,M., Iwata,T.",,2019-03-14,dsDNA
BBI18918.1,L1 protein,Human papillomavirus type 16,Alphapapillomavirus 9,,SW0055,531,Japan,Homo sapiens,,"Kukimoto,I., Matsumoto,K., Hirose,Y., Tenjimbayashi,Y., Onuki,M., Iwata,T.",,2019-03-14,dsDNA
BBI18926.1,L1 protein,Human papillomavirus type 16,Alphapapillomavirus 9,,SW0059,531,Japan,Homo sapiens,,"Kukimoto,I., Matsumoto,K., Hirose,Y., Tenjimbayashi,Y., Onuki,M., Iwata,T.",,2019-03-14,dsDNA
BBI18934.1,L1 protein,Human papillomavirus type 16,Alphapapillomavirus 9,,TK0141,531,Japan,Homo sapiens,,"Kukimoto,I., Matsumoto,K., Hirose,Y., Tenjimbayashi,Y., Onuki,M., Iwata,T.",,2019-03-14,dsDNA
BBI18942.1,L1 protein,Human papillomavirus type 16,Alphapapillomavirus 9,,TK0151,531,Japan,Homo sapiens,,"Kukimoto,I., Matsumoto,K., Hirose,Y., Tenjimbayashi,Y., Onuki,M., Iwata,T.",,2019-03-14,dsDNA
BBI18950.1,L1 protein,Human papillomavirus type 16,Alphapapillomavirus 9,,TK0153,531,Japan,Homo sapiens,,"Kukimoto,I., Matsumoto,K., Hirose,Y., Tenjimbayashi,Y., Onuki,M., Iwata,T.",,2019-03-14,dsDNA
BBI18958.1,L1 protein,Human papillomavirus type 16,Alphapapillomavirus 9,,TK0155,531,Japan,Homo sapiens,,"Kukimoto,I., Matsumoto,K., Hirose,Y., Tenjimbayashi,Y., Onuki,M., Iwata,T.",,2019-03-14,dsDNA
BBI18966.1,L1 protein,Human papillomavirus type 16,Alphapapillomavirus 9,,TK0156,531,Japan,Homo sapiens,,"Kukimoto,I., Matsumoto,K., Hirose,Y., Tenjimbayashi,Y., Onuki,M., Iwata,T.",,2019-03-14,dsDNA
BBI18974.1,L1 protein,Human papillomavirus type 16,Alphapapillomavirus 9,,K1931,531,Japan,Homo sapiens,,"Kukimoto,I., Matsumoto,K., Hirose,Y., Tenjimbayashi,Y., Onuki,M., Iwata,T.",,2019-03-14,dsDNA
AYV61481.1,L1,Human papillomavirus type 16,Alphapapillomavirus 9,HPV16,,531,China: northeast,Homo sapiens,,"Wu,Y., Sun,Z., Wu,S., Wang,S., Yao,X.",2017-06-15,2018-11-18,dsDNA
AYN70023.1,L1,Human papillomavirus type 16,Alphapapillomavirus 9,,HPJ16-1,531,Saudi Arabia,Homo sapiens,,"Sait,K., Turki,R., Abuzenadah,A.M., Jiffiri,O.H., Bohmaidah,A., Sohrab,S.S.",2012-08-10,2018-10-29,dsDNA
AYN70024.1,L1,Human papillomavirus type 16,Alphapapillomavirus 9,,HPJ16-2,531,Saudi Arabia,Homo sapiens,,"Sait,K., Turki,R., Abuzenadah,A.M., Jiffiri,O.H., Bohmaidah,A., Sohrab,S.S.",2012-08-10,2018-10-29,dsDNA
AYN70025.1,L1,Human papillomavirus type 16,Alphapapillomavirus 9,,HPJ16-3,531,Saudi Arabia,Homo sapiens,,"Sait,K., Turki,R., Abuzenadah,A.M., Jiffiri,O.H., Bohmaidah,A., Sohrab,S.S.",2012-08-10,2018-10-29,dsDNA
AYN70026.1,L1,Human papillomavirus type 16,Alphapapillomavirus 9,,HPJ16-4,531,Saudi Arabia,Homo sapiens,,"Sait,K., Turki,R., Abuzenadah,A.M., Jiffiri,O.H., Bohmaidah,A., Sohrab,S.S.",2012-08-10,2018-10-29,dsDNA
AYN70027.1,L1,Human papillomavirus type 16,Alphapapillomavirus 9,,HPJ16-5,531,Saudi Arabia,Homo sapiens,,"Sait,K., Turki,R., Abuzenadah,A.M., Jiffiri,O.H., Bohmaidah,A., Sohrab,S.S.",2012-08-10,2018-10-29,dsDNA
AYN70028.1,L1,Human papillomavirus type 16,Alphapapillomavirus 9,,HPJ16-6,505,Saudi Arabia,Homo sapiens,,"Sait,K., Turki,R., Abuzenadah,A.M., Jiffiri,O.H., Bohmaidah,A., Sohrab,S.S.",2012-08-10,2018-10-29,dsDNA
AYN70029.1,L1,Human papillomavirus type 16,Alphapapillomavirus 9,,HPJ16-7,531,Saudi Arabia,Homo sapiens,,"Sait,K., Turki,R., Abuzenadah,A.M., Jiffiri,O.H., Bohmaidah,A., Sohrab,S.S.",2012-08-10,2018-10-29,dsDNA
AYN70030.1,L1,Human papillomavirus type 16,Alphapapillomavirus 9,,HPJ16-8,531,Saudi Arabia,Homo sapiens,,"Sait,K., Turki,R., Abuzenadah,A.M., Jiffiri,O.H., Bohmaidah,A., Sohrab,S.S.",2012-08-10,2018-10-29,dsDNA
AVV48222.1,L1,Human papillomavirus type 16,Alphapapillomavirus 9,,HN-LU-SCC-26,531,Sweden,Homo sapiens,,"Forslund,O., Schwartz,S., Wu,C., Paulsson,K., Bzhalava,D., Hultin,E., Dillner,J., Wennerberg,J., Ekblad,L.",2014-02-11,2018-04-26,dsDNA
BBC83363.1,L1 protein,Human papillomavirus type 16,Alphapapillomavirus 9,,K0026,531,,,,"Hirose,Y., Onuki,M., Tenjimbayashi,Y., Mori,S., Ishii,Y., Takeuchi,T., Tasaka,N., Satoh,T., Morisada,T., Iwata,T., Miyamoto,S., Matsumoto,K., Sekizawa,A., Kukimoto,I.",,2018-03-21,dsDNA
BBC83371.1,L1 protein,Human papillomavirus type 16,Alphapapillomavirus 9,,K0112,531,,,,"Hirose,Y., Onuki,M., Tenjimbayashi,Y., Mori,S., Ishii,Y., Takeuchi,T., Tasaka,N., Satoh,T., Morisada,T., Iwata,T., Miyamoto,S., Matsumoto,K., Sekizawa,A., Kukimoto,I.",,2018-03-21,dsDNA
BBC83379.1,L1 protein,Human papillomavirus type 16,Alphapapillomavirus 9,,K0133,531,,,,"Hirose,Y., Onuki,M., Tenjimbayashi,Y., Mori,S., Ishii,Y., Takeuchi,T., Tasaka,N., Satoh,T., Morisada,T., Iwata,T., Miyamoto,S., Matsumoto,K., Sekizawa,A., Kukimoto,I.",,2018-03-21,dsDNA
BBC83387.1,L1 protein,Human papillomavirus type 16,Alphapapillomavirus 9,,K0206,531,,,,"Hirose,Y., Onuki,M., Tenjimbayashi,Y., Mori,S., Ishii,Y., Takeuchi,T., Tasaka,N., Satoh,T., Morisada,T., Iwata,T., Miyamoto,S., Matsumoto,K., Sekizawa,A., Kukimoto,I.",,2018-03-21,dsDNA
BBC83395.1,L1 protein,Human papillomavirus type 16,Alphapapillomavirus 9,,K0499,531,,,,"Hirose,Y., Onuki,M., Tenjimbayashi,Y., Mori,S., Ishii,Y., Takeuchi,T., Tasaka,N., Satoh,T., Morisada,T., Iwata,T., Miyamoto,S., Matsumoto,K., Sekizawa,A., Kukimoto,I.",,2018-03-21,dsDNA
BBC83403.1,L1 protein,Human papillomavirus type 16,Alphapapillomavirus 9,,K0505,531,,,,"Hirose,Y., Onuki,M., Tenjimbayashi,Y., Mori,S., Ishii,Y., Takeuchi,T., Tasaka,N., Satoh,T., Morisada,T., Iwata,T., Miyamoto,S., Matsumoto,K., Sekizawa,A., Kukimoto,I.",,2018-03-21,dsDNA
BBC83411.1,L1 protein,Human papillomavirus type 16,Alphapapillomavirus 9,,K0604,531,,,,"Hirose,Y., Onuki,M., Tenjimbayashi,Y., Mori,S., Ishii,Y., Takeuchi,T., Tasaka,N., Satoh,T., Morisada,T., Iwata,T., Miyamoto,S., Matsumoto,K., Sekizawa,A., Kukimoto,I.",,2018-03-21,dsDNA
BBC83419.1,L1 protein,Human papillomavirus type 16,Alphapapillomavirus 9,,SW020,531,,,,"Hirose,Y., Onuki,M., Tenjimbayashi,Y., Mori,S., Ishii,Y., Takeuchi,T., Tasaka,N., Satoh,T., Morisada,T., Iwata,T., Miyamoto,S., Matsumoto,K., Sekizawa,A., Kukimoto,I.",,2018-03-21,dsDNA
BBC83427.1,L1 protein,Human papillomavirus type 16,Alphapapillomavirus 9,,K0402,531,,,,"Hirose,Y., Onuki,M., Tenjimbayashi,Y., Mori,S., Ishii,Y., Takeuchi,T., Tasaka,N., Satoh,T., Morisada,T., Iwata,T., Miyamoto,S., Matsumoto,K., Sekizawa,A., Kukimoto,I.",,2018-03-21,dsDNA
BBC83435.1,L1 protein,Human papillomavirus type 16,Alphapapillomavirus 9,,K0727,531,,,,"Hirose,Y., Onuki,M., Tenjimbayashi,Y., Mori,S., Ishii,Y., Takeuchi,T., Tasaka,N., Satoh,T., Morisada,T., Iwata,T., Miyamoto,S., Matsumoto,K., Sekizawa,A., Kukimoto,I.",,2018-03-21,dsDNA
BBC83443.1,L1 protein,Human papillomavirus type 16,Alphapapillomavirus 9,,K0804,531,,,,"Hirose,Y., Onuki,M., Tenjimbayashi,Y., Mori,S., Ishii,Y., Takeuchi,T., Tasaka,N., Satoh,T., Morisada,T., Iwata,T., Miyamoto,S., Matsumoto,K., Sekizawa,A., Kukimoto,I.",,2018-03-21,dsDNA
BBC83451.1,L1 protein,Human papillomavirus type 16,Alphapapillomavirus 9,,K0815,531,,,,"Hirose,Y., Onuki,M., Tenjimbayashi,Y., Mori,S., Ishii,Y., Takeuchi,T., Tasaka,N., Satoh,T., Morisada,T., Iwata,T., Miyamoto,S., Matsumoto,K., Sekizawa,A., Kukimoto,I.",,2018-03-21,dsDNA
BBC83459.1,L1 protein,Human papillomavirus type 16,Alphapapillomavirus 9,,K1206,531,,,,"Hirose,Y., Onuki,M., Tenjimbayashi,Y., Mori,S., Ishii,Y., Takeuchi,T., Tasaka,N., Satoh,T., Morisada,T., Iwata,T., Miyamoto,S., Matsumoto,K., Sekizawa,A., Kukimoto,I.",,2018-03-21,dsDNA
BBC83467.1,L1 protein,Human papillomavirus type 16,Alphapapillomavirus 9,,TK019,531,,,,"Hirose,Y., Onuki,M., Tenjimbayashi,Y., Mori,S., Ishii,Y., Takeuchi,T., Tasaka,N., Satoh,T., Morisada,T., Iwata,T., Miyamoto,S., Matsumoto,K., Sekizawa,A., Kukimoto,I.",,2018-03-21,dsDNA
BBC83475.1,L1 protein,Human papillomavirus type 16,Alphapapillomavirus 9,,TK001,531,,,,"Hirose,Y., Onuki,M., Tenjimbayashi,Y., Mori,S., Ishii,Y., Takeuchi,T., Tasaka,N., Satoh,T., Morisada,T., Iwata,T., Miyamoto,S., Matsumoto,K., Sekizawa,A., Kukimoto,I.",,2018-03-21,dsDNA
BBC83483.1,L1 protein,Human papillomavirus type 16,Alphapapillomavirus 9,,TK085,531,,,,"Hirose,Y., Onuki,M., Tenjimbayashi,Y., Mori,S., Ishii,Y., Takeuchi,T., Tasaka,N., Satoh,T., Morisada,T., Iwata,T., Miyamoto,S., Matsumoto,K., Sekizawa,A., Kukimoto,I.",,2018-03-21,dsDNA
BBC83491.1,L1 protein,Human papillomavirus type 16,Alphapapillomavirus 9,,K1758,531,,,,"Hirose,Y., Onuki,M., Tenjimbayashi,Y., Mori,S., Ishii,Y., Takeuchi,T., Tasaka,N., Satoh,T., Morisada,T., Iwata,T., Miyamoto,S., Matsumoto,K., Sekizawa,A., Kukimoto,I.",,2018-03-21,dsDNA
BBC83499.1,L1 protein,Human papillomavirus type 16,Alphapapillomavirus 9,,K1134,531,,,,"Hirose,Y., Onuki,M., Tenjimbayashi,Y., Mori,S., Ishii,Y., Takeuchi,T., Tasaka,N., Satoh,T., Morisada,T., Iwata,T., Miyamoto,S., Matsumoto,K., Sekizawa,A., Kukimoto,I.",,2018-03-21,dsDNA
BBC83507.1,L1 protein,Human papillomavirus type 16,Alphapapillomavirus 9,,K1167,531,,,,"Hirose,Y., Onuki,M., Tenjimbayashi,Y., Mori,S., Ishii,Y., Takeuchi,T., Tasaka,N., Satoh,T., Morisada,T., Iwata,T., Miyamoto,S., Matsumoto,K., Sekizawa,A., Kukimoto,I.",,2018-03-21,dsDNA
BBC83515.1,L1 protein,Human papillomavirus type 16,Alphapapillomavirus 9,,K1175,531,,,,"Hirose,Y., Onuki,M., Tenjimbayashi,Y., Mori,S., Ishii,Y., Takeuchi,T., Tasaka,N., Satoh,T., Morisada,T., Iwata,T., Miyamoto,S., Matsumoto,K., Sekizawa,A., Kukimoto,I.",,2018-03-21,dsDNA
BBC83523.1,L1 protein,Human papillomavirus type 16,Alphapapillomavirus 9,,K1203,531,,,,"Hirose,Y., Onuki,M., Tenjimbayashi,Y., Mori,S., Ishii,Y., Takeuchi,T., Tasaka,N., Satoh,T., Morisada,T., Iwata,T., Miyamoto,S., Matsumoto,K., Sekizawa,A., Kukimoto,I.",,2018-03-21,dsDNA
BBC83531.1,L1 protein,Human papillomavirus type 16,Alphapapillomavirus 9,,K1312,531,,,,"Hirose,Y., Onuki,M., Tenjimbayashi,Y., Mori,S., Ishii,Y., Takeuchi,T., Tasaka,N., Satoh,T., Morisada,T., Iwata,T., Miyamoto,S., Matsumoto,K., Sekizawa,A., Kukimoto,I.",,2018-03-21,dsDNA
BBC83539.1,L1 protein,Human papillomavirus type 16,Alphapapillomavirus 9,,TK009,531,,,,"Hirose,Y., Onuki,M., Tenjimbayashi,Y., Mori,S., Ishii,Y., Takeuchi,T., Tasaka,N., Satoh,T., Morisada,T., Iwata,T., Miyamoto,S., Matsumoto,K., Sekizawa,A., Kukimoto,I.",,2018-03-21,dsDNA
BBC83547.1,L1 protein,Human papillomavirus type 16,Alphapapillomavirus 9,,TK042,531,,,,"Hirose,Y., Onuki,M., Tenjimbayashi,Y., Mori,S., Ishii,Y., Takeuchi,T., Tasaka,N., Satoh,T., Morisada,T., Iwata,T., Miyamoto,S., Matsumoto,K., Sekizawa,A., Kukimoto,I.",,2018-03-21,dsDNA
BBC83555.1,L1 protein,Human papillomavirus type 16,Alphapapillomavirus 9,,K1233,531,,,,"Hirose,Y., Onuki,M., Tenjimbayashi,Y., Mori,S., Ishii,Y., Takeuchi,T., Tasaka,N., Satoh,T., Morisada,T., Iwata,T., Miyamoto,S., Matsumoto,K., Sekizawa,A., Kukimoto,I.",,2018-03-21,dsDNA
BBC83563.1,L1 protein,Human papillomavirus type 16,Alphapapillomavirus 9,,TK053,531,,,,"Hirose,Y., Onuki,M., Tenjimbayashi,Y., Mori,S., Ishii,Y., Takeuchi,T., Tasaka,N., Satoh,T., Morisada,T., Iwata,T., Miyamoto,S., Matsumoto,K., Sekizawa,A., Kukimoto,I.",,2018-03-21,dsDNA
BBC83571.1,L1 protein,Human papillomavirus type 16,Alphapapillomavirus 9,,TK060,531,,,,"Hirose,Y., Onuki,M., Tenjimbayashi,Y., Mori,S., Ishii,Y., Takeuchi,T., Tasaka,N., Satoh,T., Morisada,T., Iwata,T., Miyamoto,S., Matsumoto,K., Sekizawa,A., Kukimoto,I.",,2018-03-21,dsDNA
BBC83579.1,L1 protein,Human papillomavirus type 16,Alphapapillomavirus 9,,TK068,531,,,,"Hirose,Y., Onuki,M., Tenjimbayashi,Y., Mori,S., Ishii,Y., Takeuchi,T., Tasaka,N., Satoh,T., Morisada,T., Iwata,T., Miyamoto,S., Matsumoto,K., Sekizawa,A., Kukimoto,I.",,2018-03-21,dsDNA
BBC83587.1,L1 protein,Human papillomavirus type 16,Alphapapillomavirus 9,,K1608,531,,,,"Hirose,Y., Onuki,M., Tenjimbayashi,Y., Mori,S., Ishii,Y., Takeuchi,T., Tasaka,N., Satoh,T., Morisada,T., Iwata,T., Miyamoto,S., Matsumoto,K., Sekizawa,A., Kukimoto,I.",,2018-03-21,dsDNA
BBC83595.1,L1 protein,Human papillomavirus type 16,Alphapapillomavirus 9,,K1888,531,,,,"Hirose,Y., Onuki,M., Tenjimbayashi,Y., Mori,S., Ishii,Y., Takeuchi,T., Tasaka,N., Satoh,T., Morisada,T., Iwata,T., Miyamoto,S., Matsumoto,K., Sekizawa,A., Kukimoto,I.",,2018-03-21,dsDNA
BBC83603.1,L1 protein,Human papillomavirus type 16,Alphapapillomavirus 9,,SW018,531,,,,"Hirose,Y., Onuki,M., Tenjimbayashi,Y., Mori,S., Ishii,Y., Takeuchi,T., Tasaka,N., Satoh,T., Morisada,T., Iwata,T., Miyamoto,S., Matsumoto,K., Sekizawa,A., Kukimoto,I.",,2018-03-21,dsDNA
BBC83611.1,L1 protein,Human papillomavirus type 16,Alphapapillomavirus 9,,K1099,531,,,,"Hirose,Y., Onuki,M., Tenjimbayashi,Y., Mori,S., Ishii,Y., Takeuchi,T., Tasaka,N., Satoh,T., Morisada,T., Iwata,T., Miyamoto,S., Matsumoto,K., Sekizawa,A., Kukimoto,I.",,2018-03-21,dsDNA
BBC83619.1,L1 protein,Human papillomavirus type 16,Alphapapillomavirus 9,,K1183,531,,,,"Hirose,Y., Onuki,M., Tenjimbayashi,Y., Mori,S., Ishii,Y., Takeuchi,T., Tasaka,N., Satoh,T., Morisada,T., Iwata,T., Miyamoto,S., Matsumoto,K., Sekizawa,A., Kukimoto,I.",,2018-03-21,dsDNA
BBC83627.1,L1 protein,Human papillomavirus type 16,Alphapapillomavirus 9,,K1227,531,,,,"Hirose,Y., Onuki,M., Tenjimbayashi,Y., Mori,S., Ishii,Y., Takeuchi,T., Tasaka,N., Satoh,T., Morisada,T., Iwata,T., Miyamoto,S., Matsumoto,K., Sekizawa,A., Kukimoto,I.",,2018-03-21,dsDNA
BBC83635.1,L1 protein,Human papillomavirus type 16,Alphapapillomavirus 9,,TK033,531,,,,"Hirose,Y., Onuki,M., Tenjimbayashi,Y., Mori,S., Ishii,Y., Takeuchi,T., Tasaka,N., Satoh,T., Morisada,T., Iwata,T., Miyamoto,S., Matsumoto,K., Sekizawa,A., Kukimoto,I.",,2018-03-21,dsDNA
BBC83643.1,L1 protein,Human papillomavirus type 16,Alphapapillomavirus 9,,K1240,531,,,,"Hirose,Y., Onuki,M., Tenjimbayashi,Y., Mori,S., Ishii,Y., Takeuchi,T., Tasaka,N., Satoh,T., Morisada,T., Iwata,T., Miyamoto,S., Matsumoto,K., Sekizawa,A., Kukimoto,I.",,2018-03-21,dsDNA
BBC83651.1,L1 protein,Human papillomavirus type 16,Alphapapillomavirus 9,,K1275,531,,,,"Hirose,Y., Onuki,M., Tenjimbayashi,Y., Mori,S., Ishii,Y., Takeuchi,T., Tasaka,N., Satoh,T., Morisada,T., Iwata,T., Miyamoto,S., Matsumoto,K., Sekizawa,A., Kukimoto,I.",,2018-03-21,dsDNA
BBC83659.1,L1 protein,Human papillomavirus type 16,Alphapapillomavirus 9,,TK006,531,,,,"Hirose,Y., Onuki,M., Tenjimbayashi,Y., Mori,S., Ishii,Y., Takeuchi,T., Tasaka,N., Satoh,T., Morisada,T., Iwata,T., Miyamoto,S., Matsumoto,K., Sekizawa,A., Kukimoto,I.",,2018-03-21,dsDNA
BBC83667.1,L1 protein,Human papillomavirus type 16,Alphapapillomavirus 9,,TK012,531,,,,"Hirose,Y., Onuki,M., Tenjimbayashi,Y., Mori,S., Ishii,Y., Takeuchi,T., Tasaka,N., Satoh,T., Morisada,T., Iwata,T., Miyamoto,S., Matsumoto,K., Sekizawa,A., Kukimoto,I.",,2018-03-21,dsDNA
BBC83675.1,L1 protein,Human papillomavirus type 16,Alphapapillomavirus 9,,TK078,531,,,,"Hirose,Y., Onuki,M., Tenjimbayashi,Y., Mori,S., Ishii,Y., Takeuchi,T., Tasaka,N., Satoh,T., Morisada,T., Iwata,T., Miyamoto,S., Matsumoto,K., Sekizawa,A., Kukimoto,I.",,2018-03-21,dsDNA
BBC83683.1,L1 protein,Human papillomavirus type 16,Alphapapillomavirus 9,,TK081,531,,,,"Hirose,Y., Onuki,M., Tenjimbayashi,Y., Mori,S., Ishii,Y., Takeuchi,T., Tasaka,N., Satoh,T., Morisada,T., Iwata,T., Miyamoto,S., Matsumoto,K., Sekizawa,A., Kukimoto,I.",,2018-03-21,dsDNA
BBC83691.1,L1 protein,Human papillomavirus type 16,Alphapapillomavirus 9,,TK050,531,,,,"Hirose,Y., Onuki,M., Tenjimbayashi,Y., Mori,S., Ishii,Y., Takeuchi,T., Tasaka,N., Satoh,T., Morisada,T., Iwata,T., Miyamoto,S., Matsumoto,K., Sekizawa,A., Kukimoto,I.",,2018-03-21,dsDNA
BBC83699.1,L1 protein,Human papillomavirus type 16,Alphapapillomavirus 9,,TK121,531,,,,"Hirose,Y., Onuki,M., Tenjimbayashi,Y., Mori,S., Ishii,Y., Takeuchi,T., Tasaka,N., Satoh,T., Morisada,T., Iwata,T., Miyamoto,S., Matsumoto,K., Sekizawa,A., Kukimoto,I.",,2018-03-21,dsDNA
BBC83707.1,L1 protein,Human papillomavirus type 16,Alphapapillomavirus 9,,TK133,531,,,,"Hirose,Y., Onuki,M., Tenjimbayashi,Y., Mori,S., Ishii,Y., Takeuchi,T., Tasaka,N., Satoh,T., Morisada,T., Iwata,T., Miyamoto,S., Matsumoto,K., Sekizawa,A., Kukimoto,I.",,2018-03-21,dsDNA
BBC83715.1,L1 protein,Human papillomavirus type 16,Alphapapillomavirus 9,,TK138,531,,,,"Hirose,Y., Onuki,M., Tenjimbayashi,Y., Mori,S., Ishii,Y., Takeuchi,T., Tasaka,N., Satoh,T., Morisada,T., Iwata,T., Miyamoto,S., Matsumoto,K., Sekizawa,A., Kukimoto,I.",,2018-03-21,dsDNA
BBC83723.1,L1 protein,Human papillomavirus type 16,Alphapapillomavirus 9,,TK111,531,,,,"Hirose,Y., Onuki,M., Tenjimbayashi,Y., Mori,S., Ishii,Y., Takeuchi,T., Tasaka,N., Satoh,T., Morisada,T., Iwata,T., Miyamoto,S., Matsumoto,K., Sekizawa,A., Kukimoto,I.",,2018-03-21,dsDNA
AVN68610.1,L1,Human papillomavirus type 16,Alphapapillomavirus 9,,NCI_0016,505,USA,Homo sapiens,,"Mirabello,L., Yeager,M., Yu,K., Clifford,G., Xiao,Y., Zhu,B., Cullen,M., Boland,J., Wentzensen,N., Nelson,C., Raine-Bennett,T., Zigui,C., Bass,S., Song,L., Yang,Q., Steinberg,M., Burdett,L., Dean,M., Roberson,D., Mitchell,J., Lorey,T., Franceschi,S., Castle,P., Walker,J., Zuna,R., Kreimer,A., Beachler,D., Hildesheim,A., Gonzalez,P., Porras,C., Burk,R., Schiffman,M.",,2018-03-20,dsDNA
ATI13648.1,protein L1,Human papillomavirus type 16,Alphapapillomavirus 9,,Achham_1,531,Nepal,Homo sapiens,cervix,"Makowsky,R., Lhaki,P., Wiener,H.W., Bhatta,M.P., Cullen,M., Johnson,D.C., Perry,R.T., Lama,M., Boland,J.F., Yeager,M., Ghimire,S., Broker,T.R., Shrestha,S.",2014,2017-10-10,dsDNA
ATI13656.1,protein L1,Human papillomavirus type 16,Alphapapillomavirus 9,,Achham_4,531,Nepal,Homo sapiens,cervix,"Makowsky,R., Lhaki,P., Wiener,H.W., Bhatta,M.P., Cullen,M., Johnson,D.C., Perry,R.T., Lama,M., Boland,J.F., Yeager,M., Ghimire,S., Broker,T.R., Shrestha,S.",2014,2017-10-10,dsDNA
ATI13664.1,protein L1,Human papillomavirus type 16,Alphapapillomavirus 9,,Jhapa_8,531,Nepal,Homo sapiens,cervix,"Makowsky,R., Lhaki,P., Wiener,H.W., Bhatta,M.P., Cullen,M., Johnson,D.C., Perry,R.T., Lama,M., Boland,J.F., Yeager,M., Ghimire,S., Broker,T.R., Shrestha,S.",2014,2017-10-10,dsDNA
ATI13672.1,protein L1,Human papillomavirus type 16,Alphapapillomavirus 9,,Accham_5,531,Nepal,Homo sapiens,cervix,"Makowsky,R., Lhaki,P., Wiener,H.W., Bhatta,M.P., Cullen,M., Johnson,D.C., Perry,R.T., Lama,M., Boland,J.F., Yeager,M., Ghimire,S., Broker,T.R., Shrestha,S.",2014,2017-10-10,dsDNA
ATI13680.1,protein L1,Human papillomavirus type 16,Alphapapillomavirus 9,,Jhapa_9,531,Nepal,Homo sapiens,cervix,"Makowsky,R., Lhaki,P., Wiener,H.W., Bhatta,M.P., Cullen,M., Johnson,D.C., Perry,R.T., Lama,M., Boland,J.F., Yeager,M., Ghimire,S., Broker,T.R., Shrestha,S.",2014,2017-10-10,dsDNA
ATI13688.1,protein L1,Human papillomavirus type 16,Alphapapillomavirus 9,,Jhapa3,531,Nepal,Homo sapiens,cervix,"Makowsky,R., Lhaki,P., Wiener,H.W., Bhatta,M.P., Cullen,M., Johnson,D.C., Perry,R.T., Lama,M., Boland,J.F., Yeager,M., Ghimire,S., Broker,T.R., Shrestha,S.",2014,2017-10-10,dsDNA
ATI13696.1,protein L1,Human papillomavirus type 16,Alphapapillomavirus 9,,Jhapa_7,531,Nepal,Homo sapiens,cervix,"Makowsky,R., Lhaki,P., Wiener,H.W., Bhatta,M.P., Cullen,M., Johnson,D.C., Perry,R.T., Lama,M., Boland,J.F., Yeager,M., Ghimire,S., Broker,T.R., Shrestha,S.",2014,2017-10-10,dsDNA
ATI13704.1,protein L1,Human papillomavirus type 16,Alphapapillomavirus 9,,Jhapa_1,531,Nepal,Homo sapiens,cervix,"Makowsky,R., Lhaki,P., Wiener,H.W., Bhatta,M.P., Cullen,M., Johnson,D.C., Perry,R.T., Lama,M., Boland,J.F., Yeager,M., Ghimire,S., Broker,T.R., Shrestha,S.",2014,2017-10-10,dsDNA
ATI13712.1,protein L1,Human papillomavirus type 16,Alphapapillomavirus 9,,Jhapa_6,531,Nepal,Homo sapiens,cervix,"Makowsky,R., Lhaki,P., Wiener,H.W., Bhatta,M.P., Cullen,M., Johnson,D.C., Perry,R.T., Lama,M., Boland,J.F., Yeager,M., Ghimire,S., Broker,T.R., Shrestha,S.",2014,2017-10-10,dsDNA
ATI13720.1,protein L1,Human papillomavirus type 16,Alphapapillomavirus 9,,Jhapa_10,531,Nepal,Homo sapiens,cervix,"Makowsky,R., Lhaki,P., Wiener,H.W., Bhatta,M.P., Cullen,M., Johnson,D.C., Perry,R.T., Lama,M., Boland,J.F., Yeager,M., Ghimire,S., Broker,T.R., Shrestha,S.",2014,2017-10-10,dsDNA
ATI13728.1,protein L1,Human papillomavirus type 16,Alphapapillomavirus 9,,Jhapa_2,531,Nepal,Homo sapiens,cervix,"Makowsky,R., Lhaki,P., Wiener,H.W., Bhatta,M.P., Cullen,M., Johnson,D.C., Perry,R.T., Lama,M., Boland,J.F., Yeager,M., Ghimire,S., Broker,T.R., Shrestha,S.",2014,2017-10-10,dsDNA
ATI13736.1,protein L1,Human papillomavirus type 16,Alphapapillomavirus 9,,Jhapa_5,531,Nepal,Homo sapiens,cervix,"Makowsky,R., Lhaki,P., Wiener,H.W., Bhatta,M.P., Cullen,M., Johnson,D.C., Perry,R.T., Lama,M., Boland,J.F., Yeager,M., Ghimire,S., Broker,T.R., Shrestha,S.",2014,2017-10-10,dsDNA
ATI13744.1,protein L1,Human papillomavirus type 16,Alphapapillomavirus 9,,Jhapa_12,531,Nepal,Homo sapiens,cervix,"Makowsky,R., Lhaki,P., Wiener,H.W., Bhatta,M.P., Cullen,M., Johnson,D.C., Perry,R.T., Lama,M., Boland,J.F., Yeager,M., Ghimire,S., Broker,T.R., Shrestha,S.",2014,2017-10-10,dsDNA
ATI13752.1,protein L1,Human papillomavirus type 16,Alphapapillomavirus 9,,Jhapa_4,531,Nepal,Homo sapiens,cervix,"Makowsky,R., Lhaki,P., Wiener,H.W., Bhatta,M.P., Cullen,M., Johnson,D.C., Perry,R.T., Lama,M., Boland,J.F., Yeager,M., Ghimire,S., Broker,T.R., Shrestha,S.",2014,2017-10-10,dsDNA
ATI13760.1,protein L1,Human papillomavirus type 16,Alphapapillomavirus 9,,Jhapa_11,531,Nepal,Homo sapiens,cervix,"Makowsky,R., Lhaki,P., Wiener,H.W., Bhatta,M.P., Cullen,M., Johnson,D.C., Perry,R.T., Lama,M., Boland,J.F., Yeager,M., Ghimire,S., Broker,T.R., Shrestha,S.",2014,2017-10-10,dsDNA
ATI13768.1,protein L1,Human papillomavirus type 16,Alphapapillomavirus 9,,Achham_2,531,Nepal,Homo sapiens,cervix,"Makowsky,R., Lhaki,P., Wiener,H.W., Bhatta,M.P., Cullen,M., Johnson,D.C., Perry,R.T., Lama,M., Boland,J.F., Yeager,M., Ghimire,S., Broker,T.R., Shrestha,S.",2014,2017-10-10,dsDNA
ATI13776.1,protein L1,Human papillomavirus type 16,Alphapapillomavirus 9,,Achham_3,531,Nepal,Homo sapiens,cervix,"Makowsky,R., Lhaki,P., Wiener,H.W., Bhatta,M.P., Cullen,M., Johnson,D.C., Perry,R.T., Lama,M., Boland,J.F., Yeager,M., Ghimire,S., Broker,T.R., Shrestha,S.",2014,2017-10-10,dsDNA
ASJ77457.1,L1,Human papillomavirus type 16,Alphapapillomavirus 9,,1042900NP,531,Netherlands,Homo sapiens,,"van der Weele,P., Meijer,C.J.L.M., King,A.J.",2008,2017-07-11,dsDNA
ASJ77465.1,L1,Human papillomavirus type 16,Alphapapillomavirus 9,,1054713NP,531,Netherlands,Homo sapiens,,"van der Weele,P., Meijer,C.J.L.M., King,A.J.",2008,2017-07-11,dsDNA
ASJ77473.1,L1,Human papillomavirus type 16,Alphapapillomavirus 9,,1054802NP,531,Netherlands,Homo sapiens,,"van der Weele,P., Meijer,C.J.L.M., King,A.J.",2008,2017-07-11,dsDNA
ASJ77481.1,L1,Human papillomavirus type 16,Alphapapillomavirus 9,,1058255NP,531,Netherlands,Homo sapiens,,"van der Weele,P., Meijer,C.J.L.M., King,A.J.",2008,2017-07-11,dsDNA
ASJ77489.1,L1,Human papillomavirus type 16,Alphapapillomavirus 9,,1058629R1PR2FAIL,531,Netherlands,Homo sapiens,,"van der Weele,P., Meijer,C.J.L.M., King,A.J.",2008,2017-07-11,dsDNA
ASJ77497.1,L1,Human papillomavirus type 16,Alphapapillomavirus 9,,1061574NP,531,Netherlands,Homo sapiens,,"van der Weele,P., Meijer,C.J.L.M., King,A.J.",2008,2017-07-11,dsDNA
ASJ77505.1,L1,Human papillomavirus type 16,Alphapapillomavirus 9,,1062372NP,531,Netherlands,Homo sapiens,,"van der Weele,P., Meijer,C.J.L.M., King,A.J.",2008,2017-07-11,dsDNA
ASJ77513.1,L1,Human papillomavirus type 16,Alphapapillomavirus 9,,1062503R1PR3FAIL,531,Netherlands,Homo sapiens,,"van der Weele,P., Meijer,C.J.L.M., King,A.J.",2008,2017-07-11,dsDNA
ASJ77521.1,L1,Human papillomavirus type 16,Alphapapillomavirus 9,,1068731NP,531,Netherlands,Homo sapiens,,"van der Weele,P., Meijer,C.J.L.M., King,A.J.",2008,2017-07-11,dsDNA
ASJ77529.1,L1,Human papillomavirus type 16,Alphapapillomavirus 9,,1072711R1PR2FAIL,531,Netherlands,Homo sapiens,,"van der Weele,P., Meijer,C.J.L.M., King,A.J.",2008,2017-07-11,dsDNA
ASJ77537.1,L1,Human papillomavirus type 16,Alphapapillomavirus 9,,1077670NP,531,Netherlands,Homo sapiens,,"van der Weele,P., Meijer,C.J.L.M., King,A.J.",2008,2017-07-11,dsDNA
ASJ77545.1,L1,Human papillomavirus type 16,Alphapapillomavirus 9,,1085558R1PR2FAIL,531,Netherlands,Homo sapiens,,"van der Weele,P., Meijer,C.J.L.M., King,A.J.",2008,2017-07-11,dsDNA
ASJ77553.1,L1,Human papillomavirus type 16,Alphapapillomavirus 9,,1090845NP,531,Netherlands,Homo sapiens,,"van der Weele,P., Meijer,C.J.L.M., King,A.J.",2008,2017-07-11,dsDNA
ASJ77561.1,L1,Human papillomavirus type 16,Alphapapillomavirus 9,,1116763NP,531,Netherlands,Homo sapiens,,"van der Weele,P., Meijer,C.J.L.M., King,A.J.",2008,2017-07-11,dsDNA
ASJ77569.1,L1,Human papillomavirus type 16,Alphapapillomavirus 9,,1126083NP,531,Netherlands,Homo sapiens,,"van der Weele,P., Meijer,C.J.L.M., King,A.J.",2008,2017-07-11,dsDNA
ASJ77577.1,L1,Human papillomavirus type 16,Alphapapillomavirus 9,,1127291NP,531,Netherlands,Homo sapiens,,"van der Weele,P., Meijer,C.J.L.M., King,A.J.",2008,2017-07-11,dsDNA
ASJ77585.1,L1,Human papillomavirus type 16,Alphapapillomavirus 9,,1130420NP,531,Netherlands,Homo sapiens,,"van der Weele,P., Meijer,C.J.L.M., King,A.J.",2008,2017-07-11,dsDNA
ASJ77593.1,L1,Human papillomavirus type 16,Alphapapillomavirus 9,,1138711R1PR2FAIL,531,Netherlands,Homo sapiens,,"van der Weele,P., Meijer,C.J.L.M., King,A.J.",2008,2017-07-11,dsDNA
ASJ77601.1,L1,Human papillomavirus type 16,Alphapapillomavirus 9,,1153831NP,531,Netherlands,Homo sapiens,,"van der Weele,P., Meijer,C.J.L.M., King,A.J.",2008,2017-07-11,dsDNA
ASJ77609.1,L1,Human papillomavirus type 16,Alphapapillomavirus 9,,1154073R1PR2FAIL,531,Netherlands,Homo sapiens,,"van der Weele,P., Meijer,C.J.L.M., King,A.J.",2008,2017-07-11,dsDNA
ASJ77617.1,L1,Human papillomavirus type 16,Alphapapillomavirus 9,,1158519NP,531,Netherlands,Homo sapiens,,"van der Weele,P., Meijer,C.J.L.M., King,A.J.",2008,2017-07-11,dsDNA
ASJ77625.1,L1,Human papillomavirus type 16,Alphapapillomavirus 9,,1161111R1PR2FAIL,531,Netherlands,Homo sapiens,,"van der Weele,P., Meijer,C.J.L.M., King,A.J.",2008,2017-07-11,dsDNA
ASJ77633.1,L1,Human papillomavirus type 16,Alphapapillomavirus 9,,1170018R1PR2FAIL,531,Netherlands,Homo sapiens,,"van der Weele,P., Meijer,C.J.L.M., King,A.J.",2008,2017-07-11,dsDNA
ASJ77641.1,L1,Human papillomavirus type 16,Alphapapillomavirus 9,,1175905NP,531,Netherlands,Homo sapiens,,"van der Weele,P., Meijer,C.J.L.M., King,A.J.",2008,2017-07-11,dsDNA
ASJ77649.1,L1,Human papillomavirus type 16,Alphapapillomavirus 9,,1176093NP,531,Netherlands,Homo sapiens,,"van der Weele,P., Meijer,C.J.L.M., King,A.J.",2008,2017-07-11,dsDNA
ASJ77657.1,L1,Human papillomavirus type 16,Alphapapillomavirus 9,,1176301NP,531,Netherlands,Homo sapiens,,"van der Weele,P., Meijer,C.J.L.M., King,A.J.",2008,2017-07-11,dsDNA
ASJ77665.1,L1,Human papillomavirus type 16,Alphapapillomavirus 9,,1176700NP,531,Netherlands,Homo sapiens,,"van der Weele,P., Meijer,C.J.L.M., King,A.J.",2008,2017-07-11,dsDNA
ASJ77673.1,L1,Human papillomavirus type 16,Alphapapillomavirus 9,,1189035NP,531,Netherlands,Homo sapiens,,"van der Weele,P., Meijer,C.J.L.M., King,A.J.",2008,2017-07-11,dsDNA
ASJ77681.1,L1,Human papillomavirus type 16,Alphapapillomavirus 9,,1192121R1PR2FAIL,531,Netherlands,Homo sapiens,,"van der Weele,P., Meijer,C.J.L.M., King,A.J.",2008,2017-07-11,dsDNA
ASJ77689.1,L1,Human papillomavirus type 16,Alphapapillomavirus 9,,1192224R1PR2FAIL,531,Netherlands,Homo sapiens,,"van der Weele,P., Meijer,C.J.L.M., King,A.J.",2008,2017-07-11,dsDNA
ASJ77697.1,L1,Human papillomavirus type 16,Alphapapillomavirus 9,,1198397NP,531,Netherlands,Homo sapiens,,"van der Weele,P., Meijer,C.J.L.M., King,A.J.",2008,2017-07-11,dsDNA
ASJ77705.1,L1,Human papillomavirus type 16,Alphapapillomavirus 9,,1201130NP,531,Netherlands,Homo sapiens,,"van der Weele,P., Meijer,C.J.L.M., King,A.J.",2008,2017-07-11,dsDNA
ASJ77713.1,L1,Human papillomavirus type 16,Alphapapillomavirus 9,,1208835NP,531,Netherlands,Homo sapiens,,"van der Weele,P., Meijer,C.J.L.M., King,A.J.",2008,2017-07-11,dsDNA
ASJ77721.1,L1,Human papillomavirus type 16,Alphapapillomavirus 9,,1239889NP,531,Netherlands,Homo sapiens,,"van der Weele,P., Meijer,C.J.L.M., King,A.J.",2008,2017-07-11,dsDNA
ASJ77729.1,L1,Human papillomavirus type 16,Alphapapillomavirus 9,,1245773NP,531,Netherlands,Homo sapiens,,"van der Weele,P., Meijer,C.J.L.M., King,A.J.",2008,2017-07-11,dsDNA
ASJ77737.1,L1,Human papillomavirus type 16,Alphapapillomavirus 9,,1279035NP,531,Netherlands,Homo sapiens,,"van der Weele,P., Meijer,C.J.L.M., King,A.J.",2008,2017-07-11,dsDNA
ASJ77745.1,L1,Human papillomavirus type 16,Alphapapillomavirus 9,,1307463NP,531,Netherlands,Homo sapiens,,"van der Weele,P., Meijer,C.J.L.M., King,A.J.",2008,2017-07-11,dsDNA
ASJ77753.1,L1,Human papillomavirus type 16,Alphapapillomavirus 9,,1310831NP,531,Netherlands,Homo sapiens,,"van der Weele,P., Meijer,C.J.L.M., King,A.J.",2008,2017-07-11,dsDNA
ASJ77761.1,L1,Human papillomavirus type 16,Alphapapillomavirus 9,,1313601NP,531,Netherlands,Homo sapiens,,"van der Weele,P., Meijer,C.J.L.M., King,A.J.",2008,2017-07-11,dsDNA
ASJ77769.1,L1,Human papillomavirus type 16,Alphapapillomavirus 9,,1313892NP,531,Netherlands,Homo sapiens,,"van der Weele,P., Meijer,C.J.L.M., King,A.J.",2008,2017-07-11,dsDNA
ASJ77777.1,L1,Human papillomavirus type 16,Alphapapillomavirus 9,,1321672NP,531,Netherlands,Homo sapiens,,"van der Weele,P., Meijer,C.J.L.M., King,A.J.",2008,2017-07-11,dsDNA
ASJ77785.1,L1,Human papillomavirus type 16,Alphapapillomavirus 9,,1322013NP,531,Netherlands,Homo sapiens,,"van der Weele,P., Meijer,C.J.L.M., King,A.J.",2008,2017-07-11,dsDNA
ASJ77793.1,L1,Human papillomavirus type 16,Alphapapillomavirus 9,,1335456NP,531,Netherlands,Homo sapiens,,"van der Weele,P., Meijer,C.J.L.M., King,A.J.",2008,2017-07-11,dsDNA
ASJ77801.1,L1,Human papillomavirus type 16,Alphapapillomavirus 9,,1353304NP,531,Netherlands,Homo sapiens,,"van der Weele,P., Meijer,C.J.L.M., King,A.J.",2008,2017-07-11,dsDNA
ASJ77809.1,L1,Human papillomavirus type 16,Alphapapillomavirus 9,,1384325R1PR3FAIL,531,Netherlands,Homo sapiens,,"van der Weele,P., Meijer,C.J.L.M., King,A.J.",2008,2017-07-11,dsDNA
ASJ77817.1,L1,Human papillomavirus type 16,Alphapapillomavirus 9,,1398125R1PR2FAIL,531,Netherlands,Homo sapiens,,"van der Weele,P., Meijer,C.J.L.M., King,A.J.",2008,2017-07-11,dsDNA
ASJ77825.1,L1,Human papillomavirus type 16,Alphapapillomavirus 9,,1416319R2PR1FAIL,531,Netherlands,Homo sapiens,,"van der Weele,P., Meijer,C.J.L.M., King,A.J.",2009,2017-07-11,dsDNA
ASJ77833.1,L1,Human papillomavirus type 16,Alphapapillomavirus 9,,1422568NP,531,Netherlands,Homo sapiens,,"van der Weele,P., Meijer,C.J.L.M., King,A.J.",2009,2017-07-11,dsDNA
ASJ77841.1,L1,Human papillomavirus type 16,Alphapapillomavirus 9,,1428806NP,531,Netherlands,Homo sapiens,,"van der Weele,P., Meijer,C.J.L.M., King,A.J.",2009,2017-07-11,dsDNA
ASJ77849.1,L1,Human papillomavirus type 16,Alphapapillomavirus 9,,1442619NP,531,Netherlands,Homo sapiens,,"van der Weele,P., Meijer,C.J.L.M., King,A.J.",2009,2017-07-11,dsDNA
ASJ77857.1,L1,Human papillomavirus type 16,Alphapapillomavirus 9,,1447273R2PR1FAIL,531,Netherlands,Homo sapiens,,"van der Weele,P., Meijer,C.J.L.M., King,A.J.",2009,2017-07-11,dsDNA
ASJ77865.1,L1,Human papillomavirus type 16,Alphapapillomavirus 9,,1494573NP,531,Netherlands,Homo sapiens,,"van der Weele,P., Meijer,C.J.L.M., King,A.J.",2009,2017-07-11,dsDNA
ASJ77873.1,L1,Human papillomavirus type 16,Alphapapillomavirus 9,,1516155NP,531,Netherlands,Homo sapiens,,"van der Weele,P., Meijer,C.J.L.M., King,A.J.",2009,2017-07-11,dsDNA
ASJ77881.1,L1,Human papillomavirus type 16,Alphapapillomavirus 9,,1532400NP,531,Netherlands,Homo sapiens,,"van der Weele,P., Meijer,C.J.L.M., King,A.J.",2009,2017-07-11,dsDNA
ASJ77889.1,L1,Human papillomavirus type 16,Alphapapillomavirus 9,,1532619NP,531,Netherlands,Homo sapiens,,"van der Weele,P., Meijer,C.J.L.M., King,A.J.",2009,2017-07-11,dsDNA
ASJ77897.1,L1,Human papillomavirus type 16,Alphapapillomavirus 9,,1558432NP,531,Netherlands,Homo sapiens,,"van der Weele,P., Meijer,C.J.L.M., King,A.J.",2009,2017-07-11,dsDNA
ASJ77905.1,L1,Human papillomavirus type 16,Alphapapillomavirus 9,,1581449NP,531,Netherlands,Homo sapiens,,"van der Weele,P., Meijer,C.J.L.M., King,A.J.",2009,2017-07-11,dsDNA
ASJ77913.1,L1,Human papillomavirus type 16,Alphapapillomavirus 9,,1591545NP,531,Netherlands,Homo sapiens,,"van der Weele,P., Meijer,C.J.L.M., King,A.J.",2009,2017-07-11,dsDNA
ASJ77921.1,L1,Human papillomavirus type 16,Alphapapillomavirus 9,,1607549NP,531,Netherlands,Homo sapiens,,"van der Weele,P., Meijer,C.J.L.M., King,A.J.",2009,2017-07-11,dsDNA
ASJ77929.1,L1,Human papillomavirus type 16,Alphapapillomavirus 9,,1609029NP,531,Netherlands,Homo sapiens,,"van der Weele,P., Meijer,C.J.L.M., King,A.J.",2009,2017-07-11,dsDNA
ASJ77937.1,L1,Human papillomavirus type 16,Alphapapillomavirus 9,,1610207NP,531,Netherlands,Homo sapiens,,"van der Weele,P., Meijer,C.J.L.M., King,A.J.",2009,2017-07-11,dsDNA
ASJ77945.1,L1,Human papillomavirus type 16,Alphapapillomavirus 9,,1614408NP,531,Netherlands,Homo sapiens,,"van der Weele,P., Meijer,C.J.L.M., King,A.J.",2009,2017-07-11,dsDNA
ASJ77953.1,L1,Human papillomavirus type 16,Alphapapillomavirus 9,,1614800NP,531,Netherlands,Homo sapiens,,"van der Weele,P., Meijer,C.J.L.M., King,A.J.",2009,2017-07-11,dsDNA
ASJ77961.1,L1,Human papillomavirus type 16,Alphapapillomavirus 9,,1771161R3PR4FAIL,531,Netherlands,Homo sapiens,,"van der Weele,P., Meijer,C.J.L.M., King,A.J.",2010,2017-07-11,dsDNA
ASJ77969.1,L1,Human papillomavirus type 16,Alphapapillomavirus 9,,1832526R3PR4FAIL,531,Netherlands,Homo sapiens,,"van der Weele,P., Meijer,C.J.L.M., King,A.J.",2010,2017-07-11,dsDNA
ASJ77977.1,L1,Human papillomavirus type 16,Alphapapillomavirus 9,,1988232R2PR1FAIL,531,Netherlands,Homo sapiens,,"van der Weele,P., Meijer,C.J.L.M., King,A.J.",2010,2017-07-11,dsDNA
ASJ77985.1,L1,Human papillomavirus type 16,Alphapapillomavirus 9,,C300172R21616290(0w),531,Netherlands,Homo sapiens,,"van der Weele,P., Meijer,C.J.L.M., King,A.J.",2009,2017-07-11,dsDNA
ASJ77993.1,L1,Human papillomavirus type 16,Alphapapillomavirus 9,,C300172R31948247(50w),531,Netherlands,Homo sapiens,,"van der Weele,P., Meijer,C.J.L.M., King,A.J.",2010,2017-07-11,dsDNA
ASJ77994.1,L1,Human papillomavirus type 16,Alphapapillomavirus 9,,C318062R11187724(0w),531,Netherlands,Homo sapiens,,"van der Weele,P., Meijer,C.J.L.M., King,A.J.",2008,2017-07-11,dsDNA
ASJ78009.1,L1,Human papillomavirus type 16,Alphapapillomavirus 9,,C318062R21571016(48w),531,Netherlands,Homo sapiens,,"van der Weele,P., Meijer,C.J.L.M., King,A.J.",2009,2017-07-11,dsDNA
ASJ78017.1,L1,Human papillomavirus type 16,Alphapapillomavirus 9,,C318521R11312448(0w),531,Netherlands,Homo sapiens,,"van der Weele,P., Meijer,C.J.L.M., King,A.J.",2008,2017-07-11,dsDNA
ASJ78025.1,L1,Human papillomavirus type 16,Alphapapillomavirus 9,,C318521R21620708(52w),531,Netherlands,Homo sapiens,,"van der Weele,P., Meijer,C.J.L.M., King,A.J.",2009,2017-07-11,dsDNA
ASJ78033.1,L1,Human papillomavirus type 16,Alphapapillomavirus 9,,C340223R11176258(0w),531,Netherlands,Homo sapiens,,"van der Weele,P., Meijer,C.J.L.M., King,A.J.",2008,2017-07-11,dsDNA
ASJ78041.1,L1,Human papillomavirus type 16,Alphapapillomavirus 9,,C340223R21560434(48w),531,Netherlands,Homo sapiens,,"van der Weele,P., Meijer,C.J.L.M., King,A.J.",2009,2017-07-11,dsDNA
ASJ78049.1,L1,Human papillomavirus type 16,Alphapapillomavirus 9,,C340223R31892668(99w),531,Netherlands,Homo sapiens,,"van der Weele,P., Meijer,C.J.L.M., King,A.J.",2010,2017-07-11,dsDNA
ASJ78057.1,L1,Human papillomavirus type 16,Alphapapillomavirus 9,,C341786R11102479NP,531,Netherlands,Homo sapiens,,"van der Weele,P., Meijer,C.J.L.M., King,A.J.",2008,2017-07-11,dsDNA
ASJ78065.1,L1,Human papillomavirus type 16,Alphapapillomavirus 9,,C383414R11313345(0w),531,Netherlands,Homo sapiens,,"van der Weele,P., Meijer,C.J.L.M., King,A.J.",2008,2017-07-11,dsDNA
ASJ78073.1,L1,Human papillomavirus type 16,Alphapapillomavirus 9,,C383414R21621479(44w),531,Netherlands,Homo sapiens,,"van der Weele,P., Meijer,C.J.L.M., King,A.J.",2009,2017-07-11,dsDNA
ASJ78081.1,L1,Human papillomavirus type 16,Alphapapillomavirus 9,,C394530R21527758(0w),531,Netherlands,Homo sapiens,,"van der Weele,P., Meijer,C.J.L.M., King,A.J.",2009,2017-07-11,dsDNA
ASJ78089.1,L1,Human papillomavirus type 16,Alphapapillomavirus 9,,C394530R31860341(44w),531,Netherlands,Homo sapiens,,"van der Weele,P., Meijer,C.J.L.M., King,A.J.",2010,2017-07-11,dsDNA
ASJ78097.1,L1,Human papillomavirus type 16,Alphapapillomavirus 9,,C394530R42211196(95w),531,Netherlands,Homo sapiens,,"van der Weele,P., Meijer,C.J.L.M., King,A.J.",2011,2017-07-11,dsDNA
ASJ78105.1,L1,Human papillomavirus type 16,Alphapapillomavirus 9,,C394960R11057090P(0w),531,Netherlands,Homo sapiens,,"van der Weele,P., Meijer,C.J.L.M., King,A.J.",2008,2017-07-11,dsDNA
ASJ78113.1,L1,Human papillomavirus type 16,Alphapapillomavirus 9,,C394960R31902098P(126w),531,Netherlands,Homo sapiens,,"van der Weele,P., Meijer,C.J.L.M., King,A.J.",2010,2017-07-11,dsDNA
ASJ78121.1,L1,Human papillomavirus type 16,Alphapapillomavirus 9,,C395529R11133216(0w),531,Netherlands,Homo sapiens,,"van der Weele,P., Meijer,C.J.L.M., King,A.J.",2008,2017-07-11,dsDNA
ASJ78129.1,L1,Human papillomavirus type 16,Alphapapillomavirus 9,,C395529R21521078(48w),531,Netherlands,Homo sapiens,,"van der Weele,P., Meijer,C.J.L.M., King,A.J.",2009,2017-07-11,dsDNA
ASJ78137.1,L1,Human papillomavirus type 16,Alphapapillomavirus 9,,C397197R11155259P(0w),531,Netherlands,Homo sapiens,,"van der Weele,P., Meijer,C.J.L.M., King,A.J.",2008,2017-07-11,dsDNA
ASJ78145.1,L1,Human papillomavirus type 16,Alphapapillomavirus 9,,C397197R31876201P(100w),531,Netherlands,Homo sapiens,,"van der Weele,P., Meijer,C.J.L.M., King,A.J.",2010,2017-07-11,dsDNA
ASJ78153.1,L1,Human papillomavirus type 16,Alphapapillomavirus 9,,C399098R11197862NP,531,Netherlands,Homo sapiens,,"van der Weele,P., Meijer,C.J.L.M., King,A.J.",2008,2017-07-11,dsDNA
ASJ78161.1,L1,Human papillomavirus type 16,Alphapapillomavirus 9,,C399369R11057132(0w),531,Netherlands,Homo sapiens,,"van der Weele,P., Meijer,C.J.L.M., King,A.J.",2008,2017-07-11,dsDNA
ASJ78169.1,L1,Human papillomavirus type 16,Alphapapillomavirus 9,,C399369R21417486(55w),531,Netherlands,Homo sapiens,,"van der Weele,P., Meijer,C.J.L.M., King,A.J.",2009,2017-07-11,dsDNA
ASJ78177.1,L1,Human papillomavirus type 16,Alphapapillomavirus 9,,C405006R11089716(0w),531,Netherlands,Homo sapiens,,"van der Weele,P., Meijer,C.J.L.M., King,A.J.",2008,2017-07-11,dsDNA
ASJ78185.1,L1,Human papillomavirus type 16,Alphapapillomavirus 9,,C405006R31787475(88w),531,Netherlands,Homo sapiens,,"van der Weele,P., Meijer,C.J.L.M., King,A.J.",2010,2017-07-11,dsDNA
ASJ78193.1,L1,Human papillomavirus type 16,Alphapapillomavirus 9,,C405006R42141816(136w),531,Netherlands,Homo sapiens,,"van der Weele,P., Meijer,C.J.L.M., King,A.J.",2011,2017-07-11,dsDNA
ASJ78201.1,L1,Human papillomavirus type 16,Alphapapillomavirus 9,,C407219R11124384NP,531,Netherlands,Homo sapiens,,"van der Weele,P., Meijer,C.J.L.M., King,A.J.",2008,2017-07-11,dsDNA
ASJ78209.1,L1,Human papillomavirus type 16,Alphapapillomavirus 9,,C407612R11084406(0w),531,Netherlands,Homo sapiens,,"van der Weele,P., Meijer,C.J.L.M., King,A.J.",2008,2017-07-11,dsDNA
ASJ78217.1,L1,Human papillomavirus type 16,Alphapapillomavirus 9,,C407612R21443102(54w),531,Netherlands,Homo sapiens,,"van der Weele,P., Meijer,C.J.L.M., King,A.J.",2009,2017-07-11,dsDNA
ASJ78225.1,L1,Human papillomavirus type 16,Alphapapillomavirus 9,,C407612R31783136(72w),531,Netherlands,Homo sapiens,,"van der Weele,P., Meijer,C.J.L.M., King,A.J.",2010,2017-07-11,dsDNA
ASJ78233.1,L1,Human papillomavirus type 16,Alphapapillomavirus 9,,C412607R11241497(0w),531,Netherlands,Homo sapiens,,"van der Weele,P., Meijer,C.J.L.M., King,A.J.",2008,2017-07-11,dsDNA
ASJ78241.1,L1,Human papillomavirus type 16,Alphapapillomavirus 9,,C412607R21595957(56w),531,Netherlands,Homo sapiens,,"van der Weele,P., Meijer,C.J.L.M., King,A.J.",2009,2017-07-11,dsDNA
ASJ78249.1,L1,Human papillomavirus type 16,Alphapapillomavirus 9,,C419359R11349915(0w),531,Netherlands,Homo sapiens,,"van der Weele,P., Meijer,C.J.L.M., King,A.J.",2008,2017-07-11,dsDNA
ASJ78257.1,L1,Human papillomavirus type 16,Alphapapillomavirus 9,,C419359R21654666(47w),531,Netherlands,Homo sapiens,,"van der Weele,P., Meijer,C.J.L.M., King,A.J.",2009,2017-07-11,dsDNA
ASJ78265.1,L1,Human papillomavirus type 16,Alphapapillomavirus 9,,C420170R21622210(0w),531,Netherlands,Homo sapiens,,"van der Weele,P., Meijer,C.J.L.M., King,A.J.",2009,2017-07-11,dsDNA
ASJ78273.1,L1,Human papillomavirus type 16,Alphapapillomavirus 9,,C420170R31951041(51w),531,Netherlands,Homo sapiens,,"van der Weele,P., Meijer,C.J.L.M., King,A.J.",2010,2017-07-11,dsDNA
ASJ78281.1,L1,Human papillomavirus type 16,Alphapapillomavirus 9,,C421894R21540609(0w),531,Netherlands,Homo sapiens,,"van der Weele,P., Meijer,C.J.L.M., King,A.J.",2009,2017-07-11,dsDNA
ASJ78289.1,L1,Human papillomavirus type 16,Alphapapillomavirus 9,,C421894R31868992(49w),531,Netherlands,Homo sapiens,,"van der Weele,P., Meijer,C.J.L.M., King,A.J.",2010,2017-07-11,dsDNA
ASJ78297.1,L1,Human papillomavirus type 16,Alphapapillomavirus 9,,C422613R11081742NP,531,Netherlands,Homo sapiens,,"van der Weele,P., Meijer,C.J.L.M., King,A.J.",2008,2017-07-11,dsDNA
ASJ78305.1,L1,Human papillomavirus type 16,Alphapapillomavirus 9,,C425046R11388626(0w),531,Netherlands,Homo sapiens,,"van der Weele,P., Meijer,C.J.L.M., King,A.J.",2008,2017-07-11,dsDNA
ASJ78313.1,L1,Human papillomavirus type 16,Alphapapillomavirus 9,,C425046R21678154(54w),531,Netherlands,Homo sapiens,,"van der Weele,P., Meijer,C.J.L.M., King,A.J.",2009,2017-07-11,dsDNA
ASJ78321.1,L1,Human papillomavirus type 16,Alphapapillomavirus 9,,C426841R11189396NP,531,Netherlands,Homo sapiens,,"van der Weele,P., Meijer,C.J.L.M., King,A.J.",2008,2017-07-11,dsDNA
ASJ78329.1,L1,Human papillomavirus type 16,Alphapapillomavirus 9,,C429150R11310091(0w),531,Netherlands,Homo sapiens,,"van der Weele,P., Meijer,C.J.L.M., King,A.J.",2008,2017-07-11,dsDNA
ASJ78337.1,L1,Human papillomavirus type 16,Alphapapillomavirus 9,,C429150R21614360(64w),531,Netherlands,Homo sapiens,,"van der Weele,P., Meijer,C.J.L.M., King,A.J.",2009,2017-07-11,dsDNA
ASJ78345.1,L1,Human papillomavirus type 16,Alphapapillomavirus 9,,C432973R11329575(0w),531,Netherlands,Homo sapiens,,"van der Weele,P., Meijer,C.J.L.M., King,A.J.",2008,2017-07-11,dsDNA
ASJ78353.1,L1,Human papillomavirus type 16,Alphapapillomavirus 9,,C432973R21637551(49w),531,Netherlands,Homo sapiens,,"van der Weele,P., Meijer,C.J.L.M., King,A.J.",2009,2017-07-11,dsDNA
ASJ78361.1,L1,Human papillomavirus type 16,Alphapapillomavirus 9,,C434583R11209155(0w),531,Netherlands,Homo sapiens,,"van der Weele,P., Meijer,C.J.L.M., King,A.J.",2008,2017-07-11,dsDNA
ASJ78369.1,L1,Human papillomavirus type 16,Alphapapillomavirus 9,,C434583R31923327(110w),531,Netherlands,Homo sapiens,,"van der Weele,P., Meijer,C.J.L.M., King,A.J.",2010,2017-07-11,dsDNA
ASJ78377.1,L1,Human papillomavirus type 16,Alphapapillomavirus 9,,C442714R21417774(0w),531,Netherlands,Homo sapiens,,"van der Weele,P., Meijer,C.J.L.M., King,A.J.",2009,2017-07-11,dsDNA
ASJ78385.1,L1,Human papillomavirus type 16,Alphapapillomavirus 9,,C442714R31754697(51w),531,Netherlands,Homo sapiens,,"van der Weele,P., Meijer,C.J.L.M., King,A.J.",2010,2017-07-11,dsDNA
ASJ78393.1,L1,Human papillomavirus type 16,Alphapapillomavirus 9,,C442714R42107953(100w),531,Netherlands,Homo sapiens,,"van der Weele,P., Meijer,C.J.L.M., King,A.J.",2011,2017-07-11,dsDNA
ASJ78401.1,L1,Human papillomavirus type 16,Alphapapillomavirus 9,,C444086R11057559(0w),531,Netherlands,Homo sapiens,,"van der Weele,P., Meijer,C.J.L.M., King,A.J.",2008,2017-07-11,dsDNA
ASJ78409.1,L1,Human papillomavirus type 16,Alphapapillomavirus 9,,C444086R21417785(48w),531,Netherlands,Homo sapiens,,"van der Weele,P., Meijer,C.J.L.M., King,A.J.",2009,2017-07-11,dsDNA
ASJ78417.1,L1,Human papillomavirus type 16,Alphapapillomavirus 9,,C444086R31754706(98w),531,Netherlands,Homo sapiens,,"van der Weele,P., Meijer,C.J.L.M., King,A.J.",2010,2017-07-11,dsDNA
ASJ78425.1,L1,Human papillomavirus type 16,Alphapapillomavirus 9,,C447441R11388869NP,531,Netherlands,Homo sapiens,,"van der Weele,P., Meijer,C.J.L.M., King,A.J.",2008,2017-07-11,dsDNA
ASJ78433.1,L1,Human papillomavirus type 16,Alphapapillomavirus 9,,C455108R11342542NP,531,Netherlands,Homo sapiens,,"van der Weele,P., Meijer,C.J.L.M., King,A.J.",2008,2017-07-11,dsDNA
ASJ78441.1,L1,Human papillomavirus type 16,Alphapapillomavirus 9,,C459426R11384473NP,531,Netherlands,Homo sapiens,,"van der Weele,P., Meijer,C.J.L.M., King,A.J.",2008,2017-07-11,dsDNA
ASJ78449.1,L1,Human papillomavirus type 16,Alphapapillomavirus 9,,C468419R11069374(0w),531,Netherlands,Homo sapiens,,"van der Weele,P., Meijer,C.J.L.M., King,A.J.",2008,2017-07-11,dsDNA
ASJ78457.1,L1,Human papillomavirus type 16,Alphapapillomavirus 9,,C468419R21428171(47w),531,Netherlands,Homo sapiens,,"van der Weele,P., Meijer,C.J.L.M., King,A.J.",2009,2017-07-11,dsDNA
ASJ78465.1,L1,Human papillomavirus type 16,Alphapapillomavirus 9,,C471015R11161069(0w),531,Netherlands,Homo sapiens,,"van der Weele,P., Meijer,C.J.L.M., King,A.J.",2008,2017-07-11,dsDNA
ASJ78473.1,L1,Human papillomavirus type 16,Alphapapillomavirus 9,,C471015R21536729(50w),531,Netherlands,Homo sapiens,,"van der Weele,P., Meijer,C.J.L.M., King,A.J.",2009,2017-07-11,dsDNA
ASJ78481.1,L1,Human papillomavirus type 16,Alphapapillomavirus 9,,C484604R11164343NP,531,Netherlands,Homo sapiens,,"van der Weele,P., Meijer,C.J.L.M., King,A.J.",2008,2017-07-11,dsDNA
ASJ78489.1,L1,Human papillomavirus type 16,Alphapapillomavirus 9,,C502873R11041961(0w),531,Netherlands,Homo sapiens,,"van der Weele,P., Meijer,C.J.L.M., King,A.J.",2008,2017-07-11,dsDNA
ASJ78497.1,L1,Human papillomavirus type 16,Alphapapillomavirus 9,,C502873R21405573(8w),531,Netherlands,Homo sapiens,,"van der Weele,P., Meijer,C.J.L.M., King,A.J.",2009,2017-07-11,dsDNA
ASJ78505.1,L1,Human papillomavirus type 16,Alphapapillomavirus 9,,C507461R11179061(0w),531,Netherlands,Homo sapiens,,"van der Weele,P., Meijer,C.J.L.M., King,A.J.",2008,2017-07-11,dsDNA
ASJ78513.1,L1,Human papillomavirus type 16,Alphapapillomavirus 9,,C507461R21553998(54w),531,Netherlands,Homo sapiens,,"van der Weele,P., Meijer,C.J.L.M., King,A.J.",2009,2017-07-11,dsDNA
ASJ78521.1,L1,Human papillomavirus type 16,Alphapapillomavirus 9,,C515059R11323811(0w),531,Netherlands,Homo sapiens,,"van der Weele,P., Meijer,C.J.L.M., King,A.J.",2008,2017-07-11,dsDNA
ASJ78529.1,L1,Human papillomavirus type 16,Alphapapillomavirus 9,,C515059R21618546(47w),531,Netherlands,Homo sapiens,,"van der Weele,P., Meijer,C.J.L.M., King,A.J.",2009,2017-07-11,dsDNA
ASJ78537.1,L1,Human papillomavirus type 16,Alphapapillomavirus 9,,C515059R31959320(99w),531,Netherlands,Homo sapiens,,"van der Weele,P., Meijer,C.J.L.M., King,A.J.",2010,2017-07-11,dsDNA
ASJ78545.1,L1,Human papillomavirus type 16,Alphapapillomavirus 9,,C521400R11204168(0w),531,Netherlands,Homo sapiens,,"van der Weele,P., Meijer,C.J.L.M., King,A.J.",2008,2017-07-11,dsDNA
ASJ78553.1,L1,Human papillomavirus type 16,Alphapapillomavirus 9,,C521400R21576025(51w),531,Netherlands,Homo sapiens,,"van der Weele,P., Meijer,C.J.L.M., King,A.J.",2009,2017-07-11,dsDNA
ASJ78561.1,L1,Human papillomavirus type 16,Alphapapillomavirus 9,,C545351R11399993(0w),531,Netherlands,Homo sapiens,,"van der Weele,P., Meijer,C.J.L.M., King,A.J.",2008,2017-07-11,dsDNA
ASJ78569.1,L1,Human papillomavirus type 16,Alphapapillomavirus 9,,C545351R31990611(91w),531,Netherlands,Homo sapiens,,"van der Weele,P., Meijer,C.J.L.M., King,A.J.",2010,2017-07-11,dsDNA
ASJ78577.1,L1,Human papillomavirus type 16,Alphapapillomavirus 9,,C553929R11382056(0w),531,Netherlands,Homo sapiens,,"van der Weele,P., Meijer,C.J.L.M., King,A.J.",2008,2017-07-11,dsDNA
ASJ78585.1,L1,Human papillomavirus type 16,Alphapapillomavirus 9,,C553929R21657511(47w),531,Netherlands,Homo sapiens,,"van der Weele,P., Meijer,C.J.L.M., King,A.J.",2009,2017-07-11,dsDNA
ASJ78593.1,L1,Human papillomavirus type 16,Alphapapillomavirus 9,,C560323R11076275(0w),531,Netherlands,Homo sapiens,,"van der Weele,P., Meijer,C.J.L.M., King,A.J.",2008,2017-07-11,dsDNA
ASJ78601.1,L1,Human papillomavirus type 16,Alphapapillomavirus 9,,C560323R21441298(46w),531,Netherlands,Homo sapiens,,"van der Weele,P., Meijer,C.J.L.M., King,A.J.",2009,2017-07-11,dsDNA
ASJ78609.1,L1,Human papillomavirus type 16,Alphapapillomavirus 9,,C567069R11135565(0w),531,Netherlands,Homo sapiens,,"van der Weele,P., Meijer,C.J.L.M., King,A.J.",2008,2017-07-11,dsDNA
ASJ78617.1,L1,Human papillomavirus type 16,Alphapapillomavirus 9,,C567069R21513953(45w),531,Netherlands,Homo sapiens,,"van der Weele,P., Meijer,C.J.L.M., King,A.J.",2009,2017-07-11,dsDNA
ASJ78625.1,L1,Human papillomavirus type 16,Alphapapillomavirus 9,,C569383R11325021(0w),531,Netherlands,Homo sapiens,,"van der Weele,P., Meijer,C.J.L.M., King,A.J.",2008,2017-07-11,dsDNA
ASJ78633.1,L1,Human papillomavirus type 16,Alphapapillomavirus 9,,C569383R21619516(46w),531,Netherlands,Homo sapiens,,"van der Weele,P., Meijer,C.J.L.M., King,A.J.",2009,2017-07-11,dsDNA
ASJ78641.1,L1,Human papillomavirus type 16,Alphapapillomavirus 9,,C569383R31960176(96w),531,Netherlands,Homo sapiens,,"van der Weele,P., Meijer,C.J.L.M., King,A.J.",2010,2017-07-11,dsDNA
ASJ78649.1,L1,Human papillomavirus type 16,Alphapapillomavirus 9,,C591514R11073142(0w),531,Netherlands,Homo sapiens,,"van der Weele,P., Meijer,C.J.L.M., King,A.J.",2008,2017-07-11,dsDNA
ASJ78657.1,L1,Human papillomavirus type 16,Alphapapillomavirus 9,,C591514R21433981(49w),531,Netherlands,Homo sapiens,,"van der Weele,P., Meijer,C.J.L.M., King,A.J.",2009,2017-07-11,dsDNA
ASJ78665.1,L1,Human papillomavirus type 16,Alphapapillomavirus 9,,C591514R42116400(148w),531,Netherlands,Homo sapiens,,"van der Weele,P., Meijer,C.J.L.M., King,A.J.",2011,2017-07-11,dsDNA
ASJ78673.1,L1,Human papillomavirus type 16,Alphapapillomavirus 9,,C602332R11098725(0w),531,Netherlands,Homo sapiens,,"van der Weele,P., Meijer,C.J.L.M., King,A.J.",2008,2017-07-11,dsDNA
ASJ78681.1,L1,Human papillomavirus type 16,Alphapapillomavirus 9,,C602332R21451195(49w),531,Netherlands,Homo sapiens,,"van der Weele,P., Meijer,C.J.L.M., King,A.J.",2009,2017-07-11,dsDNA
ASJ78689.1,L1,Human papillomavirus type 16,Alphapapillomavirus 9,,C618909R21643609(0w),531,Netherlands,Homo sapiens,,"van der Weele,P., Meijer,C.J.L.M., King,A.J.",2009,2017-07-11,dsDNA
ASJ78697.1,L1,Human papillomavirus type 16,Alphapapillomavirus 9,,C618909R31981031(52w),531,Netherlands,Homo sapiens,,"van der Weele,P., Meijer,C.J.L.M., King,A.J.",2010,2017-07-11,dsDNA
ASJ78705.1,L1,Human papillomavirus type 16,Alphapapillomavirus 9,,C619291R11095511(0w),531,Netherlands,Homo sapiens,,"van der Weele,P., Meijer,C.J.L.M., King,A.J.",2008,2017-07-11,dsDNA
ASJ78713.1,L1,Human papillomavirus type 16,Alphapapillomavirus 9,,C619291R21455173(50w),531,Netherlands,Homo sapiens,,"van der Weele,P., Meijer,C.J.L.M., King,A.J.",2009,2017-07-11,dsDNA
ASJ78721.1,L1,Human papillomavirus type 16,Alphapapillomavirus 9,,C622705R11242396(0w),531,Netherlands,Homo sapiens,,"van der Weele,P., Meijer,C.J.L.M., King,A.J.",2008,2017-07-11,dsDNA
ASJ78729.1,L1,Human papillomavirus type 16,Alphapapillomavirus 9,,C622705R21596665(51w),531,Netherlands,Homo sapiens,,"van der Weele,P., Meijer,C.J.L.M., King,A.J.",2009,2017-07-11,dsDNA
ASJ78737.1,L1,Human papillomavirus type 16,Alphapapillomavirus 9,,C649348R11384583P(0w),531,Netherlands,Homo sapiens,,"van der Weele,P., Meijer,C.J.L.M., King,A.J.",2008,2017-07-11,dsDNA
ASJ78745.1,L1,Human papillomavirus type 16,Alphapapillomavirus 9,,C649438R32001687P(141w),531,Netherlands,Homo sapiens,,"van der Weele,P., Meijer,C.J.L.M., King,A.J.",2010,2017-07-11,dsDNA
ASJ78753.1,L1,Human papillomavirus type 16,Alphapapillomavirus 9,,C653860R11350921(0w),531,Netherlands,Homo sapiens,,"van der Weele,P., Meijer,C.J.L.M., King,A.J.",2008,2017-07-11,dsDNA
ASJ78761.1,L1,Human papillomavirus type 16,Alphapapillomavirus 9,,C653860R21655560(40w),531,Netherlands,Homo sapiens,,"van der Weele,P., Meijer,C.J.L.M., King,A.J.",2009,2017-07-11,dsDNA
ASJ78769.1,L1,Human papillomavirus type 16,Alphapapillomavirus 9,,C672821R11389532(0w),531,Netherlands,Homo sapiens,,"van der Weele,P., Meijer,C.J.L.M., King,A.J.",2008,2017-07-11,dsDNA
ASJ78777.1,L1,Human papillomavirus type 16,Alphapapillomavirus 9,,C672821R21678793(51w),531,Netherlands,Homo sapiens,,"van der Weele,P., Meijer,C.J.L.M., King,A.J.",2009,2017-07-11,dsDNA
ARX91432.1,L1 protein,Human papillomavirus type 16,Alphapapillomavirus 9,,RKAH09,505,India,,cervix,"Akram Husain,R.S., Subburaj,J., Anoop,S., Ramakrishnan,V.",2016,2017-06-17,dsDNA
BAV92604.1,L1 protein,Human papillomavirus type 16,Alphapapillomavirus 9,,FT001,531,,,,"Kukimoto,I., Fujii,T.",,2016-11-09,dsDNA
ANY26451.1,major capsid protein L1,Human papillomavirus type 16,Alphapapillomavirus 9,,16CN01,531,China,Homo sapiens,cervix,"Cao,M., Chenzhang,Y., Ding,X., Zhang,Y., JIng,Y., Chen,Z.",2015-09-30,2016-08-07,dsDNA
ANY26452.1,major capsid protein L1,Human papillomavirus type 16,Alphapapillomavirus 9,,16CN02,531,China,Homo sapiens,cervix,"Cao,M., Chenzhang,Y., Ding,X., Zhang,Y., JIng,Y., Chen,Z.",2015-09-30,2016-08-07,dsDNA
ANY26453.1,major capsid protein L1,Human papillomavirus type 16,Alphapapillomavirus 9,,16CN03,531,China,Homo sapiens,cervix,"Cao,M., Chenzhang,Y., Ding,X., Zhang,Y., JIng,Y., Chen,Z.",2015-09-30,2016-08-07,dsDNA
ANY26454.1,major capsid protein L1,Human papillomavirus type 16,Alphapapillomavirus 9,,16CN04,531,China,Homo sapiens,cervix,"Cao,M., Chenzhang,Y., Ding,X., Zhang,Y., JIng,Y., Chen,Z.",2015-09-30,2016-08-07,dsDNA
ANY26455.1,major capsid protein L1,Human papillomavirus type 16,Alphapapillomavirus 9,,16CN05,531,China,Homo sapiens,cervix,"Cao,M., Chenzhang,Y., Ding,X., Zhang,Y., JIng,Y., Chen,Z.",2015-09-30,2016-08-07,dsDNA
ANY26456.1,major capsid protein L1,Human papillomavirus type 16,Alphapapillomavirus 9,,16CN06,531,China,Homo sapiens,cervix,"Cao,M., Chenzhang,Y., Ding,X., Zhang,Y., JIng,Y., Chen,Z.",2015-09-30,2016-08-07,dsDNA
ANY26457.1,major capsid protein L1,Human papillomavirus type 16,Alphapapillomavirus 9,,16CN07,531,China,Homo sapiens,cervix,"Cao,M., Chenzhang,Y., Ding,X., Zhang,Y., JIng,Y., Chen,Z.",2015-09-30,2016-08-07,dsDNA
ANY26458.1,major capsid protein L1,Human papillomavirus type 16,Alphapapillomavirus 9,,16CN08,531,China,Homo sapiens,cervix,"Cao,M., Chenzhang,Y., Ding,X., Zhang,Y., JIng,Y., Chen,Z.",2015-09-30,2016-08-07,dsDNA
ANY26459.1,major capsid protein L1,Human papillomavirus type 16,Alphapapillomavirus 9,,16CN09,531,China,Homo sapiens,cervix,"Cao,M., Chenzhang,Y., Ding,X., Zhang,Y., JIng,Y., Chen,Z.",2015-09-30,2016-08-07,dsDNA
ANY26460.1,major capsid protein L1,Human papillomavirus type 16,Alphapapillomavirus 9,,16CN10,531,China,Homo sapiens,cervix,"Cao,M., Chenzhang,Y., Ding,X., Zhang,Y., JIng,Y., Chen,Z.",2015-09-30,2016-08-07,dsDNA
ANY26461.1,major capsid protein L1,Human papillomavirus type 16,Alphapapillomavirus 9,,16CN11,531,China,Homo sapiens,cervix,"Cao,M., Chenzhang,Y., Ding,X., Zhang,Y., JIng,Y., Chen,Z.",2015-09-30,2016-08-07,dsDNA
ANY26462.1,major capsid protein L1,Human papillomavirus type 16,Alphapapillomavirus 9,,16CN12,531,China,Homo sapiens,cervix,"Cao,M., Chenzhang,Y., Ding,X., Zhang,Y., JIng,Y., Chen,Z.",2015-09-30,2016-08-07,dsDNA
ANY26463.1,major capsid protein L1,Human papillomavirus type 16,Alphapapillomavirus 9,,16CN13,531,China,Homo sapiens,cervix,"Cao,M., Chenzhang,Y., Ding,X., Zhang,Y., JIng,Y., Chen,Z.",2015-09-30,2016-08-07,dsDNA
ANY26464.1,major capsid protein L1,Human papillomavirus type 16,Alphapapillomavirus 9,,16CN14,531,China,Homo sapiens,cervix,"Cao,M., Chenzhang,Y., Ding,X., Zhang,Y., JIng,Y., Chen,Z.",2015-09-30,2016-08-07,dsDNA
ANY26465.1,major capsid protein L1,Human papillomavirus type 16,Alphapapillomavirus 9,,16CN15,531,China,Homo sapiens,cervix,"Cao,M., Chenzhang,Y., Ding,X., Zhang,Y., JIng,Y., Chen,Z.",2015-09-30,2016-08-07,dsDNA
ANY26466.1,major capsid protein L1,Human papillomavirus type 16,Alphapapillomavirus 9,,16CN16,531,China,Homo sapiens,cervix,"Cao,M., Chenzhang,Y., Ding,X., Zhang,Y., JIng,Y., Chen,Z.",2015-09-30,2016-08-07,dsDNA
ANY26467.1,major capsid protein L1,Human papillomavirus type 16,Alphapapillomavirus 9,,16CN17,531,China,Homo sapiens,cervix,"Cao,M., Chenzhang,Y., Ding,X., Zhang,Y., JIng,Y., Chen,Z.",2015-09-30,2016-08-07,dsDNA
ANY26468.1,major capsid protein L1,Human papillomavirus type 16,Alphapapillomavirus 9,,16CN18,531,China,Homo sapiens,cervix,"Cao,M., Chenzhang,Y., Ding,X., Zhang,Y., JIng,Y., Chen,Z.",2015-09-30,2016-08-07,dsDNA
ANY26469.1,major capsid protein L1,Human papillomavirus type 16,Alphapapillomavirus 9,,16CN19,531,China,Homo sapiens,cervix,"Cao,M., Chenzhang,Y., Ding,X., Zhang,Y., JIng,Y., Chen,Z.",2015-09-30,2016-08-07,dsDNA
ANY26470.1,major capsid protein L1,Human papillomavirus type 16,Alphapapillomavirus 9,,16CN20,531,China,Homo sapiens,cervix,"Cao,M., Chenzhang,Y., Ding,X., Zhang,Y., JIng,Y., Chen,Z.",2015-09-30,2016-08-07,dsDNA
ANY26471.1,major capsid protein L1,Human papillomavirus type 16,Alphapapillomavirus 9,,16CN21,531,China,Homo sapiens,cervix,"Cao,M., Chenzhang,Y., Ding,X., Zhang,Y., JIng,Y., Chen,Z.",2015-09-30,2016-08-07,dsDNA
ANY26472.1,major capsid protein L1,Human papillomavirus type 16,Alphapapillomavirus 9,,16CN22,531,China,Homo sapiens,cervix,"Cao,M., Chenzhang,Y., Ding,X., Zhang,Y., JIng,Y., Chen,Z.",2015-09-30,2016-08-07,dsDNA
ANY26473.1,major capsid protein L1,Human papillomavirus type 16,Alphapapillomavirus 9,,16CN23,531,China,Homo sapiens,cervix,"Cao,M., Chenzhang,Y., Ding,X., Zhang,Y., JIng,Y., Chen,Z.",2015-09-30,2016-08-07,dsDNA
ANY26474.1,major capsid protein L1,Human papillomavirus type 16,Alphapapillomavirus 9,,16CN24,531,China,Homo sapiens,cervix,"Cao,M., Chenzhang,Y., Ding,X., Zhang,Y., JIng,Y., Chen,Z.",2015-09-30,2016-08-07,dsDNA
ANY26475.1,major capsid protein L1,Human papillomavirus type 16,Alphapapillomavirus 9,,16CN25,531,China,Homo sapiens,cervix,"Cao,M., Chenzhang,Y., Ding,X., Zhang,Y., JIng,Y., Chen,Z.",2015-09-30,2016-08-07,dsDNA
ANY26476.1,major capsid protein L1,Human papillomavirus type 16,Alphapapillomavirus 9,,16CN26,531,China,Homo sapiens,cervix,"Cao,M., Chenzhang,Y., Ding,X., Zhang,Y., JIng,Y., Chen,Z.",2015-09-30,2016-08-07,dsDNA
ANY26477.1,major capsid protein L1,Human papillomavirus type 16,Alphapapillomavirus 9,,16CN27,531,China,Homo sapiens,cervix,"Cao,M., Chenzhang,Y., Ding,X., Zhang,Y., JIng,Y., Chen,Z.",2015-09-30,2016-08-07,dsDNA
ANY26478.1,major capsid protein L1,Human papillomavirus type 16,Alphapapillomavirus 9,,16CN28,531,China,Homo sapiens,cervix,"Cao,M., Chenzhang,Y., Ding,X., Zhang,Y., JIng,Y., Chen,Z.",2015-09-30,2016-08-07,dsDNA
ANY26479.1,major capsid protein L1,Human papillomavirus type 16,Alphapapillomavirus 9,,16CN29,531,China,Homo sapiens,cervix,"Cao,M., Chenzhang,Y., Ding,X., Zhang,Y., JIng,Y., Chen,Z.",2015-09-30,2016-08-07,dsDNA
ANY26480.1,major capsid protein L1,Human papillomavirus type 16,Alphapapillomavirus 9,,16CN30,531,China,Homo sapiens,cervix,"Cao,M., Chenzhang,Y., Ding,X., Zhang,Y., JIng,Y., Chen,Z.",2015-09-30,2016-08-07,dsDNA
ANY26481.1,major capsid protein L1,Human papillomavirus type 16,Alphapapillomavirus 9,,16CN31,531,China,Homo sapiens,cervix,"Cao,M., Chenzhang,Y., Ding,X., Zhang,Y., JIng,Y., Chen,Z.",2015-09-30,2016-08-07,dsDNA
ANY26482.1,major capsid protein L1,Human papillomavirus type 16,Alphapapillomavirus 9,,16CN32,531,China,Homo sapiens,cervix,"Cao,M., Chenzhang,Y., Ding,X., Zhang,Y., JIng,Y., Chen,Z.",2015-09-30,2016-08-07,dsDNA
ANY26483.1,major capsid protein L1,Human papillomavirus type 16,Alphapapillomavirus 9,,16CN33,531,China,Homo sapiens,cervix,"Cao,M., Chenzhang,Y., Ding,X., Zhang,Y., JIng,Y., Chen,Z.",2015-09-30,2016-08-07,dsDNA
ANY26484.1,major capsid protein L1,Human papillomavirus type 16,Alphapapillomavirus 9,,16CN34,531,China,Homo sapiens,cervix,"Cao,M., Chenzhang,Y., Ding,X., Zhang,Y., JIng,Y., Chen,Z.",2015-09-30,2016-08-07,dsDNA
ANY26485.1,major capsid protein L1,Human papillomavirus type 16,Alphapapillomavirus 9,,16CN35,530,China,Homo sapiens,cervix,"Cao,M., Chenzhang,Y., Ding,X., Zhang,Y., JIng,Y., Chen,Z.",2015-09-30,2016-08-07,dsDNA
ANY26486.1,major capsid protein L1,Human papillomavirus type 16,Alphapapillomavirus 9,,16CN36,531,China,Homo sapiens,cervix,"Cao,M., Chenzhang,Y., Ding,X., Zhang,Y., JIng,Y., Chen,Z.",2015-09-30,2016-08-07,dsDNA
ANY26487.1,major capsid protein L1,Human papillomavirus type 16,Alphapapillomavirus 9,,16CN37,531,China,Homo sapiens,cervix,"Cao,M., Chenzhang,Y., Ding,X., Zhang,Y., JIng,Y., Chen,Z.",2015-09-30,2016-08-07,dsDNA
ANY26488.1,major capsid protein L1,Human papillomavirus type 16,Alphapapillomavirus 9,,16CN38,531,China,Homo sapiens,cervix,"Cao,M., Chenzhang,Y., Ding,X., Zhang,Y., JIng,Y., Chen,Z.",2015-09-30,2016-08-07,dsDNA
ANY26489.1,major capsid protein L1,Human papillomavirus type 16,Alphapapillomavirus 9,,16CN39,531,China,Homo sapiens,cervix,"Cao,M., Chenzhang,Y., Ding,X., Zhang,Y., JIng,Y., Chen,Z.",2015-09-30,2016-08-07,dsDNA
ANY26490.1,major capsid protein L1,Human papillomavirus type 16,Alphapapillomavirus 9,,16CN40,531,China,Homo sapiens,cervix,"Cao,M., Chenzhang,Y., Ding,X., Zhang,Y., JIng,Y., Chen,Z.",2015-09-30,2016-08-07,dsDNA
ANY26491.1,major capsid protein L1,Human papillomavirus type 16,Alphapapillomavirus 9,,16CN41,531,China,Homo sapiens,cervix,"Cao,M., Chenzhang,Y., Ding,X., Zhang,Y., JIng,Y., Chen,Z.",2015-09-30,2016-08-07,dsDNA
ANY26492.1,major capsid protein L1,Human papillomavirus type 16,Alphapapillomavirus 9,,16CN42,531,China,Homo sapiens,cervix,"Cao,M., Chenzhang,Y., Ding,X., Zhang,Y., JIng,Y., Chen,Z.",2015-09-30,2016-08-07,dsDNA
ANY26493.1,major capsid protein L1,Human papillomavirus type 16,Alphapapillomavirus 9,,16CN43,531,China,Homo sapiens,cervix,"Cao,M., Chenzhang,Y., Ding,X., Zhang,Y., JIng,Y., Chen,Z.",2015-09-30,2016-08-07,dsDNA
ANY26494.1,major capsid protein L1,Human papillomavirus type 16,Alphapapillomavirus 9,,16CN44,531,China,Homo sapiens,cervix,"Cao,M., Chenzhang,Y., Ding,X., Zhang,Y., JIng,Y., Chen,Z.",2015-09-30,2016-08-07,dsDNA
ANY26495.1,major capsid protein L1,Human papillomavirus type 16,Alphapapillomavirus 9,,16CN45,531,China,Homo sapiens,cervix,"Cao,M., Chenzhang,Y., Ding,X., Zhang,Y., JIng,Y., Chen,Z.",2015-09-30,2016-08-07,dsDNA
ANY26496.1,major capsid protein L1,Human papillomavirus type 16,Alphapapillomavirus 9,,16CN46,531,China,Homo sapiens,cervix,"Cao,M., Chenzhang,Y., Ding,X., Zhang,Y., JIng,Y., Chen,Z.",2015-09-30,2016-08-07,dsDNA
ANY26497.1,major capsid protein L1,Human papillomavirus type 16,Alphapapillomavirus 9,,16CN47,531,China,Homo sapiens,cervix,"Cao,M., Chenzhang,Y., Ding,X., Zhang,Y., JIng,Y., Chen,Z.",2015-09-30,2016-08-07,dsDNA
ANA50889.1,L1,Human papillomavirus type 16,Alphapapillomavirus 9,,PAP0931,505,,Homo sapiens,,"Chen,Z., Burk,R.",,2016-04-30,dsDNA
ANA50897.1,L1,Human papillomavirus type 16,Alphapapillomavirus 9,,PAP1754,505,,Homo sapiens,,"Chen,Z., Burk,R.",,2016-04-30,dsDNA
ANA50905.1,L1,Human papillomavirus type 16,Alphapapillomavirus 9,,PAP0321,505,,Homo sapiens,,"Chen,Z., Burk,R.",,2016-04-30,dsDNA
ANA50913.1,L1,Human papillomavirus type 16,Alphapapillomavirus 9,,PAP1879,505,,Homo sapiens,,"Chen,Z., Burk,R.",,2016-04-30,dsDNA
ANA50921.1,L1,Human papillomavirus type 16,Alphapapillomavirus 9,,PAP0946,505,,Homo sapiens,,"Chen,Z., Burk,R.",,2016-04-30,dsDNA
ANA50929.1,L1,Human papillomavirus type 16,Alphapapillomavirus 9,,PAP1791,505,,Homo sapiens,,"Chen,Z., Burk,R.",,2016-04-30,dsDNA
ANA50937.1,L1,Human papillomavirus type 16,Alphapapillomavirus 9,,PAP0503,505,,Homo sapiens,,"Chen,Z., Burk,R.",,2016-04-30,dsDNA
ANA50945.1,L1,Human papillomavirus type 16,Alphapapillomavirus 9,,PAP0778,505,,Homo sapiens,,"Chen,Z., Burk,R.",,2016-04-30,dsDNA
ANA50953.1,L1,Human papillomavirus type 16,Alphapapillomavirus 9,,PAP1067,505,,Homo sapiens,,"Chen,Z., Burk,R.",,2016-04-30,dsDNA
ANA50961.1,L1,Human papillomavirus type 16,Alphapapillomavirus 9,,PAP1899,505,,Homo sapiens,,"Chen,Z., Burk,R.",,2016-04-30,dsDNA
ANA50969.1,L1,Human papillomavirus type 16,Alphapapillomavirus 9,,PAP0097,505,,Homo sapiens,,"Chen,Z., Burk,R.",,2016-04-30,dsDNA
ANA50977.1,L1,Human papillomavirus type 16,Alphapapillomavirus 9,,PAP1779,505,,Homo sapiens,,"Chen,Z., Burk,R.",,2016-04-30,dsDNA
ANA50985.1,L1,Human papillomavirus type 16,Alphapapillomavirus 9,,PAP0103,505,,Homo sapiens,,"Chen,Z., Burk,R.",,2016-04-30,dsDNA
ANA50993.1,L1,Human papillomavirus type 16,Alphapapillomavirus 9,,PAP1156,505,,Homo sapiens,,"Chen,Z., Burk,R.",,2016-04-30,dsDNA
ANA51001.1,L1,Human papillomavirus type 16,Alphapapillomavirus 9,,PAP0989,505,,Homo sapiens,,"Chen,Z., Burk,R.",,2016-04-30,dsDNA
ANA51009.1,L1,Human papillomavirus type 16,Alphapapillomavirus 9,,PAP0711,505,,Homo sapiens,,"Chen,Z., Burk,R.",,2016-04-30,dsDNA
ANA51017.1,L1,Human papillomavirus type 16,Alphapapillomavirus 9,,PAP1231,505,,Homo sapiens,,"Chen,Z., Burk,R.",,2016-04-30,dsDNA
ANA51025.1,L1,Human papillomavirus type 16,Alphapapillomavirus 9,,PAP0295,505,,Homo sapiens,,"Chen,Z., Burk,R.",,2016-04-30,dsDNA
ANA51033.1,L1,Human papillomavirus type 16,Alphapapillomavirus 9,,PAP0458,505,,Homo sapiens,,"Chen,Z., Burk,R.",,2016-04-30,dsDNA
ANA51041.1,L1,Human papillomavirus type 16,Alphapapillomavirus 9,,PAP1010,505,,Homo sapiens,,"Chen,Z., Burk,R.",,2016-04-30,dsDNA
ANA51049.1,L1,Human papillomavirus type 16,Alphapapillomavirus 9,,PAP0708,505,,Homo sapiens,,"Chen,Z., Burk,R.",,2016-04-30,dsDNA
ANA51057.1,L1,Human papillomavirus type 16,Alphapapillomavirus 9,,PAP1700,505,,Homo sapiens,,"Chen,Z., Burk,R.",,2016-04-30,dsDNA
ANA51065.1,L1,Human papillomavirus type 16,Alphapapillomavirus 9,,PAP0728,505,,Homo sapiens,,"Chen,Z., Burk,R.",,2016-04-30,dsDNA
ANA51073.1,L1,Human papillomavirus type 16,Alphapapillomavirus 9,,PAP0769,505,,Homo sapiens,,"Chen,Z., Burk,R.",,2016-04-30,dsDNA
ANA51081.1,L1,Human papillomavirus type 16,Alphapapillomavirus 9,,PAP0710,505,,Homo sapiens,,"Chen,Z., Burk,R.",,2016-04-30,dsDNA
ANA51089.1,L1,Human papillomavirus type 16,Alphapapillomavirus 9,,PAP1864,505,,Homo sapiens,,"Chen,Z., Burk,R.",,2016-04-30,dsDNA
ANA51097.1,L1,Human papillomavirus type 16,Alphapapillomavirus 9,,PAP0829,505,,Homo sapiens,,"Chen,Z., Burk,R.",,2016-04-30,dsDNA
ANA51105.1,L1,Human papillomavirus type 16,Alphapapillomavirus 9,,PAP0160,505,,Homo sapiens,,"Chen,Z., Burk,R.",,2016-04-30,dsDNA
ANA51113.1,L1,Human papillomavirus type 16,Alphapapillomavirus 9,,PAP1993,505,,Homo sapiens,,"Chen,Z., Burk,R.",,2016-04-30,dsDNA
ANA51121.1,L1,Human papillomavirus type 16,Alphapapillomavirus 9,,Plasmid114B,505,,Homo sapiens,,"Chen,Z., Burk,R.",,2016-04-30,dsDNA
ANA51129.1,L1,Human papillomavirus type 16,Alphapapillomavirus 9,,IARC904612,505,,Homo sapiens,,"Chen,Z., Burk,R.",,2016-04-30,dsDNA
ANA51137.1,L1,Human papillomavirus type 16,Alphapapillomavirus 9,,PAP0594,505,,Homo sapiens,,"Chen,Z., Burk,R.",,2016-04-30,dsDNA
ANA51145.1,L1,Human papillomavirus type 16,Alphapapillomavirus 9,,IARC010512,505,,Homo sapiens,,"Chen,Z., Burk,R.",,2016-04-30,dsDNA
ANA51153.1,L1,Human papillomavirus type 16,Alphapapillomavirus 9,,PAP0206,505,,Homo sapiens,,"Chen,Z., Burk,R.",,2016-04-30,dsDNA
ANA51161.1,L1,Human papillomavirus type 16,Alphapapillomavirus 9,,PAP0677,505,,Homo sapiens,,"Chen,Z., Burk,R.",,2016-04-30,dsDNA
ANA51169.1,L1,Human papillomavirus type 16,Alphapapillomavirus 9,,PAP0604,505,,Homo sapiens,,"Chen,Z., Burk,R.",,2016-04-30,dsDNA
ANA51177.1,L1,Human papillomavirus type 16,Alphapapillomavirus 9,,PAP0207,505,,Homo sapiens,,"Chen,Z., Burk,R.",,2016-04-30,dsDNA
ANA51185.1,L1,Human papillomavirus type 16,Alphapapillomavirus 9,,PAP1289,505,,Homo sapiens,,"Chen,Z., Burk,R.",,2016-04-30,dsDNA
ANA51193.1,L1,Human papillomavirus type 16,Alphapapillomavirus 9,,PAP0574,505,,Homo sapiens,,"Chen,Z., Burk,R.",,2016-04-30,dsDNA
ANA51201.1,L1,Human papillomavirus type 16,Alphapapillomavirus 9,,PAP0516,505,,Homo sapiens,,"Chen,Z., Burk,R.",,2016-04-30,dsDNA
ANA51209.1,L1,Human papillomavirus type 16,Alphapapillomavirus 9,,PAP0819,505,,Homo sapiens,,"Chen,Z., Burk,R.",,2016-04-30,dsDNA
ANA51217.1,L1,Human papillomavirus type 16,Alphapapillomavirus 9,,PAP0451,505,,Homo sapiens,,"Chen,Z., Burk,R.",,2016-04-30,dsDNA
ANA51225.1,L1,Human papillomavirus type 16,Alphapapillomavirus 9,,PAP1706,505,,Homo sapiens,,"Chen,Z., Burk,R.",,2016-04-30,dsDNA
ANA51233.1,L1,Human papillomavirus type 16,Alphapapillomavirus 9,,PAP0164,505,,Homo sapiens,,"Chen,Z., Burk,R.",,2016-04-30,dsDNA
ANA51241.1,L1,Human papillomavirus type 16,Alphapapillomavirus 9,,PAP0978,505,,Homo sapiens,,"Chen,Z., Burk,R.",,2016-04-30,dsDNA
ANA51249.1,L1,Human papillomavirus type 16,Alphapapillomavirus 9,,PAP1334,505,,Homo sapiens,,"Chen,Z., Burk,R.",,2016-04-30,dsDNA
ANA51257.1,L1,Human papillomavirus type 16,Alphapapillomavirus 9,,PAP0689,505,,Homo sapiens,,"Chen,Z., Burk,R.",,2016-04-30,dsDNA
ANA51265.1,L1,Human papillomavirus type 16,Alphapapillomavirus 9,,PAP1466,505,,Homo sapiens,,"Chen,Z., Burk,R.",,2016-04-30,dsDNA
ANA51273.1,L1,Human papillomavirus type 16,Alphapapillomavirus 9,,PAP1181,505,,Homo sapiens,,"Chen,Z., Burk,R.",,2016-04-30,dsDNA
ANA51281.1,L1,Human papillomavirus type 16,Alphapapillomavirus 9,,PAP0409,505,,Homo sapiens,,"Chen,Z., Burk,R.",,2016-04-30,dsDNA
ANA51289.1,L1,Human papillomavirus type 16,Alphapapillomavirus 9,,PAP1376,505,,Homo sapiens,,"Chen,Z., Burk,R.",,2016-04-30,dsDNA
ANA51297.1,L1,Human papillomavirus type 16,Alphapapillomavirus 9,,PAP1391,505,,Homo sapiens,,"Chen,Z., Burk,R.",,2016-04-30,dsDNA
ANA51305.1,L1,Human papillomavirus type 16,Alphapapillomavirus 9,,PAP1501,505,,Homo sapiens,,"Chen,Z., Burk,R.",,2016-04-30,dsDNA
ANA51313.1,L1,Human papillomavirus type 16,Alphapapillomavirus 9,,PAP0753,505,,Homo sapiens,,"Chen,Z., Burk,R.",,2016-04-30,dsDNA
ANA51321.1,L1,Human papillomavirus type 16,Alphapapillomavirus 9,,PAP1730,505,,Homo sapiens,,"Chen,Z., Burk,R.",,2016-04-30,dsDNA
ANA51329.1,L1,Human papillomavirus type 16,Alphapapillomavirus 9,,PAP1048,505,,Homo sapiens,,"Chen,Z., Burk,R.",,2016-04-30,dsDNA
ANA51337.1,L1,Human papillomavirus type 16,Alphapapillomavirus 9,,PAP1583,505,,Homo sapiens,,"Chen,Z., Burk,R.",,2016-04-30,dsDNA
ANA51345.1,L1,Human papillomavirus type 16,Alphapapillomavirus 9,,PAP1426,505,,Homo sapiens,,"Chen,Z., Burk,R.",,2016-04-30,dsDNA
ANA51353.1,L1,Human papillomavirus type 16,Alphapapillomavirus 9,,PAP2035,505,,Homo sapiens,,"Chen,Z., Burk,R.",,2016-04-30,dsDNA
ANA51361.1,L1,Human papillomavirus type 16,Alphapapillomavirus 9,,PAP1015,505,,Homo sapiens,,"Chen,Z., Burk,R.",,2016-04-30,dsDNA
ANA51369.1,L1,Human papillomavirus type 16,Alphapapillomavirus 9,,PAP0873,505,,Homo sapiens,,"Chen,Z., Burk,R.",,2016-04-30,dsDNA
ANA51377.1,L1,Human papillomavirus type 16,Alphapapillomavirus 9,,PAP1924,505,,Homo sapiens,,"Chen,Z., Burk,R.",,2016-04-30,dsDNA
ANA51385.1,L1,Human papillomavirus type 16,Alphapapillomavirus 9,,PAP1591,505,,Homo sapiens,,"Chen,Z., Burk,R.",,2016-04-30,dsDNA
ANA51393.1,L1,Human papillomavirus type 16,Alphapapillomavirus 9,,PAP1441,505,,Homo sapiens,,"Chen,Z., Burk,R.",,2016-04-30,dsDNA
ANA51401.1,L1,Human papillomavirus type 16,Alphapapillomavirus 9,,PAP0694,505,,Homo sapiens,,"Chen,Z., Burk,R.",,2016-04-30,dsDNA
ANA51409.1,L1,Human papillomavirus type 16,Alphapapillomavirus 9,,PAP0555,505,,Homo sapiens,,"Chen,Z., Burk,R.",,2016-04-30,dsDNA
ANA51417.1,L1,Human papillomavirus type 16,Alphapapillomavirus 9,,PAP1141,505,,Homo sapiens,,"Chen,Z., Burk,R.",,2016-04-30,dsDNA
ANA51425.1,L1,Human papillomavirus type 16,Alphapapillomavirus 9,,PAP1261,505,,Homo sapiens,,"Chen,Z., Burk,R.",,2016-04-30,dsDNA
ANA51433.1,L1,Human papillomavirus type 16,Alphapapillomavirus 9,,PAP0370,505,,Homo sapiens,,"Chen,Z., Burk,R.",,2016-04-30,dsDNA
ANA51441.1,L1,Human papillomavirus type 16,Alphapapillomavirus 9,,PAP1494,505,,Homo sapiens,,"Chen,Z., Burk,R.",,2016-04-30,dsDNA
ANA51449.1,L1,Human papillomavirus type 16,Alphapapillomavirus 9,,PAP1618,505,,Homo sapiens,,"Chen,Z., Burk,R.",,2016-04-30,dsDNA
ANA51457.1,L1,Human papillomavirus type 16,Alphapapillomavirus 9,,PAP1009,505,,Homo sapiens,,"Chen,Z., Burk,R.",,2016-04-30,dsDNA
ANA51465.1,L1,Human papillomavirus type 16,Alphapapillomavirus 9,,PAP1763,505,,Homo sapiens,,"Chen,Z., Burk,R.",,2016-04-30,dsDNA
ANA51473.1,L1,Human papillomavirus type 16,Alphapapillomavirus 9,,PAP1885,505,,Homo sapiens,,"Chen,Z., Burk,R.",,2016-04-30,dsDNA
ANA51481.1,L1,Human papillomavirus type 16,Alphapapillomavirus 9,,PAP0421,505,,Homo sapiens,,"Chen,Z., Burk,R.",,2016-04-30,dsDNA
ANA51489.1,L1,Human papillomavirus type 16,Alphapapillomavirus 9,,PAP0471,505,,Homo sapiens,,"Chen,Z., Burk,R.",,2016-04-30,dsDNA
ANA51497.1,L1,Human papillomavirus type 16,Alphapapillomavirus 9,,PAP0534,505,,Homo sapiens,,"Chen,Z., Burk,R.",,2016-04-30,dsDNA
ANA51505.1,L1,Human papillomavirus type 16,Alphapapillomavirus 9,,PAP1273,505,,Homo sapiens,,"Chen,Z., Burk,R.",,2016-04-30,dsDNA
ANA51513.1,L1,Human papillomavirus type 16,Alphapapillomavirus 9,,PAP1659,505,,Homo sapiens,,"Chen,Z., Burk,R.",,2016-04-30,dsDNA
ANA51521.1,L1,Human papillomavirus type 16,Alphapapillomavirus 9,,PAP1533,505,,Homo sapiens,,"Chen,Z., Burk,R.",,2016-04-30,dsDNA
ANA51529.1,L1,Human papillomavirus type 16,Alphapapillomavirus 9,,PAP1450,505,,Homo sapiens,,"Chen,Z., Burk,R.",,2016-04-30,dsDNA
ANA51536.1,L1,Human papillomavirus type 16,Alphapapillomavirus 9,,PAP0201,505,,Homo sapiens,,"Chen,Z., Burk,R.",,2016-04-30,dsDNA
ANA51544.1,L1,Human papillomavirus type 16,Alphapapillomavirus 9,,PAP1263,505,,Homo sapiens,,"Chen,Z., Burk,R.",,2016-04-30,dsDNA
ANA51552.1,L1,Human papillomavirus type 16,Alphapapillomavirus 9,,PAP0343,505,,Homo sapiens,,"Chen,Z., Burk,R.",,2016-04-30,dsDNA
ANA51560.1,L1,Human papillomavirus type 16,Alphapapillomavirus 9,,PAP0782,505,,Homo sapiens,,"Chen,Z., Burk,R.",,2016-04-30,dsDNA
ANA51568.1,L1,Human papillomavirus type 16,Alphapapillomavirus 9,,PAP1735,505,,Homo sapiens,,"Chen,Z., Burk,R.",,2016-04-30,dsDNA
ANA51576.1,L1,Human papillomavirus type 16,Alphapapillomavirus 9,,IARC204112,505,,Homo sapiens,,"Chen,Z., Burk,R.",,2016-04-30,dsDNA
ANA51584.1,L1,Human papillomavirus type 16,Alphapapillomavirus 9,,IARC202412,505,,Homo sapiens,,"Chen,Z., Burk,R.",,2016-04-30,dsDNA
ANA51592.1,L1,Human papillomavirus type 16,Alphapapillomavirus 9,,IARC303912,505,,Homo sapiens,,"Chen,Z., Burk,R.",,2016-04-30,dsDNA
ANA51600.1,L1,Human papillomavirus type 16,Alphapapillomavirus 9,,IARC307712,505,,Homo sapiens,,"Chen,Z., Burk,R.",,2016-04-30,dsDNA
ANA51608.1,L1,Human papillomavirus type 16,Alphapapillomavirus 9,,IARC908612,505,,Homo sapiens,,"Chen,Z., Burk,R.",,2016-04-30,dsDNA
ANA51616.1,L1,Human papillomavirus type 16,Alphapapillomavirus 9,,IARC907912,505,,Homo sapiens,,"Chen,Z., Burk,R.",,2016-04-30,dsDNA
ANA51624.1,L1,Human papillomavirus type 16,Alphapapillomavirus 9,,IARC1100085,505,,Homo sapiens,,"Chen,Z., Burk,R.",,2016-04-30,dsDNA
ANA51632.1,L1,Human papillomavirus type 16,Alphapapillomavirus 9,,PAP0290,505,,Homo sapiens,,"Chen,Z., Burk,R.",,2016-04-30,dsDNA
ANA51640.1,L1,Human papillomavirus type 16,Alphapapillomavirus 9,,PAP0114,505,,Homo sapiens,,"Chen,Z., Burk,R.",,2016-04-30,dsDNA
ANA51648.1,L1,Human papillomavirus type 16,Alphapapillomavirus 9,,Plasmid2716,505,,Homo sapiens,,"Chen,Z., Burk,R.",,2016-04-30,dsDNA
ANA51656.1,L1,Human papillomavirus type 16,Alphapapillomavirus 9,,PAP0326,505,,Homo sapiens,,"Chen,Z., Burk,R.",,2016-04-30,dsDNA
ANA51664.1,L1,Human papillomavirus type 16,Alphapapillomavirus 9,,IARC040105,505,,Homo sapiens,,"Chen,Z., Burk,R.",,2016-04-30,dsDNA
ANA51671.1,L1,Human papillomavirus type 16,Alphapapillomavirus 9,,IARC207412,505,,Homo sapiens,,"Chen,Z., Burk,R.",,2016-04-30,dsDNA
ANA51678.1,L1,Human papillomavirus type 16,Alphapapillomavirus 9,,IARC313712,505,,Homo sapiens,,"Chen,Z., Burk,R.",,2016-04-30,dsDNA
ANA51685.1,L1,Human papillomavirus type 16,Alphapapillomavirus 9,,IARC313812,505,,Homo sapiens,,"Chen,Z., Burk,R.",,2016-04-30,dsDNA
ANA51692.1,L1,Human papillomavirus type 16,Alphapapillomavirus 9,,IARC313912,505,,Homo sapiens,,"Chen,Z., Burk,R.",,2016-04-30,dsDNA
ANA51700.1,L1,Human papillomavirus type 16,Alphapapillomavirus 9,,IARC304612,505,,Homo sapiens,,"Chen,Z., Burk,R.",,2016-04-30,dsDNA
ANA51708.1,L1,Human papillomavirus type 16,Alphapapillomavirus 9,,IARC916812,505,,Homo sapiens,,"Chen,Z., Burk,R.",,2016-04-30,dsDNA
ANA51716.1,L1,Human papillomavirus type 16,Alphapapillomavirus 9,,IARC805712,505,,Homo sapiens,,"Chen,Z., Burk,R.",,2016-04-30,dsDNA
ANA51724.1,L1,Human papillomavirus type 16,Alphapapillomavirus 9,,PAP1783,505,,Homo sapiens,,"Chen,Z., Burk,R.",,2016-04-30,dsDNA
ANA51732.1,L1,Human papillomavirus type 16,Alphapapillomavirus 9,,CVT11,505,,Homo sapiens,,"Chen,Z., Burk,R.",,2016-04-30,dsDNA
ANA51740.1,L1,Human papillomavirus type 16,Alphapapillomavirus 9,,Plasmid3724,505,,Homo sapiens,,"Chen,Z., Burk,R.",,2016-04-30,dsDNA
ANA51748.1,L1,Human papillomavirus type 16,Alphapapillomavirus 9,,IARC903812,505,,Homo sapiens,,"Chen,Z., Burk,R.",,2016-04-30,dsDNA
ANA51756.1,L1,Human papillomavirus type 16,Alphapapillomavirus 9,,IARC311502,505,,Homo sapiens,,"Chen,Z., Burk,R.",,2016-04-30,dsDNA
ANA51764.1,L1,Human papillomavirus type 16,Alphapapillomavirus 9,,IARC900912,505,,Homo sapiens,,"Chen,Z., Burk,R.",,2016-04-30,dsDNA
ANA51772.1,L1,Human papillomavirus type 16,Alphapapillomavirus 9,,IARC301512,505,,Homo sapiens,,"Chen,Z., Burk,R.",,2016-04-30,dsDNA
ANA51780.1,L1,Human papillomavirus type 16,Alphapapillomavirus 9,,PAP0745,505,,Homo sapiens,,"Chen,Z., Burk,R.",,2016-04-30,dsDNA
ANA51788.1,L1,Human papillomavirus type 16,Alphapapillomavirus 9,,IARC020237,505,,Homo sapiens,,"Chen,Z., Burk,R.",,2016-04-30,dsDNA
ANA51796.1,L1,Human papillomavirus type 16,Alphapapillomavirus 9,,PAP1359,505,,Homo sapiens,,"Chen,Z., Burk,R.",,2016-04-30,dsDNA
ANA51804.1,L1,Human papillomavirus type 16,Alphapapillomavirus 9,,PAP0286,505,,Homo sapiens,,"Chen,Z., Burk,R.",,2016-04-30,dsDNA
ANA51812.1,L1,Human papillomavirus type 16,Alphapapillomavirus 9,,PAP1543,505,,Homo sapiens,,"Chen,Z., Burk,R.",,2016-04-30,dsDNA
ANA51820.1,L1,Human papillomavirus type 16,Alphapapillomavirus 9,,PAP0966,505,,Homo sapiens,,"Chen,Z., Burk,R.",,2016-04-30,dsDNA
ANA51828.1,L1,Human papillomavirus type 16,Alphapapillomavirus 9,,PAP1274,505,,Homo sapiens,,"Chen,Z., Burk,R.",,2016-04-30,dsDNA
ANA51836.1,L1,Human papillomavirus type 16,Alphapapillomavirus 9,,PAP1878,505,,Homo sapiens,,"Chen,Z., Burk,R.",,2016-04-30,dsDNA
ANA51844.1,L1,Human papillomavirus type 16,Alphapapillomavirus 9,,PAP1988,505,,Homo sapiens,,"Chen,Z., Burk,R.",,2016-04-30,dsDNA
ANA51852.1,L1,Human papillomavirus type 16,Alphapapillomavirus 9,,PAP1621,505,,Homo sapiens,,"Chen,Z., Burk,R.",,2016-04-30,dsDNA
ANA05363.1,major capsid L1 protein,Human papillomavirus type 16,Alphapapillomavirus 9,,Seq027-PR,531,Netherlands,Homo sapiens,,"King,A.J., Sonsma,J.A., Vriend,H.J., van der Sande,M.A., Feltkamp,M.C., Boot,H.J., Koopmans,M.P.",2009,2016-04-25,dsDNA
ANA05364.1,major capsid L1 protein,Human papillomavirus type 16,Alphapapillomavirus 9,,Seq11-005356,531,Netherlands,Homo sapiens,,"King,A.J., Sonsma,J.A., Vriend,H.J., van der Sande,M.A., Feltkamp,M.C., Boot,H.J., Koopmans,M.P.",2011,2016-04-25,dsDNA
ANA05365.1,major capsid L1 protein,Human papillomavirus type 16,Alphapapillomavirus 9,,Seq11-010477,531,Netherlands,Homo sapiens,,"King,A.J., Sonsma,J.A., Vriend,H.J., van der Sande,M.A., Feltkamp,M.C., Boot,H.J., Koopmans,M.P.",2011,2016-04-25,dsDNA
ANA05366.1,major capsid L1 protein,Human papillomavirus type 16,Alphapapillomavirus 9,,SeqAAA-002,531,Netherlands,Homo sapiens,,"King,A.J., Sonsma,J.A., Vriend,H.J., van der Sande,M.A., Feltkamp,M.C., Boot,H.J., Koopmans,M.P.",2009,2016-04-25,dsDNA
ANA05367.1,major capsid L1 protein,Human papillomavirus type 16,Alphapapillomavirus 9,,SeqAAA-007,531,Netherlands,Homo sapiens,,"King,A.J., Sonsma,J.A., Vriend,H.J., van der Sande,M.A., Feltkamp,M.C., Boot,H.J., Koopmans,M.P.",2009,2016-04-25,dsDNA
ANA05368.1,major capsid L1 protein,Human papillomavirus type 16,Alphapapillomavirus 9,,SeqAAA-128,531,Netherlands,Homo sapiens,,"King,A.J., Sonsma,J.A., Vriend,H.J., van der Sande,M.A., Feltkamp,M.C., Boot,H.J., Koopmans,M.P.",2009,2016-04-25,dsDNA
ANA05369.1,major capsid L1 protein,Human papillomavirus type 16,Alphapapillomavirus 9,,SeqAAA-132,531,Netherlands,Homo sapiens,,"King,A.J., Sonsma,J.A., Vriend,H.J., van der Sande,M.A., Feltkamp,M.C., Boot,H.J., Koopmans,M.P.",2009,2016-04-25,dsDNA
ANA05370.1,major capsid L1 protein,Human papillomavirus type 16,Alphapapillomavirus 9,,SeqAAA-134,531,Netherlands,Homo sapiens,,"King,A.J., Sonsma,J.A., Vriend,H.J., van der Sande,M.A., Feltkamp,M.C., Boot,H.J., Koopmans,M.P.",2009,2016-04-25,dsDNA
ANA05371.1,major capsid L1 protein,Human papillomavirus type 16,Alphapapillomavirus 9,,SeqAAA-146,531,Netherlands,Homo sapiens,,"King,A.J., Sonsma,J.A., Vriend,H.J., van der Sande,M.A., Feltkamp,M.C., Boot,H.J., Koopmans,M.P.",2009,2016-04-25,dsDNA
ANA05372.1,major capsid L1 protein,Human papillomavirus type 16,Alphapapillomavirus 9,,SeqAAA-192,531,Netherlands,Homo sapiens,,"King,A.J., Sonsma,J.A., Vriend,H.J., van der Sande,M.A., Feltkamp,M.C., Boot,H.J., Koopmans,M.P.",2009,2016-04-25,dsDNA
ANA05373.1,major capsid L1 protein,Human papillomavirus type 16,Alphapapillomavirus 9,,SeqAAA-193,531,Netherlands,Homo sapiens,,"King,A.J., Sonsma,J.A., Vriend,H.J., van der Sande,M.A., Feltkamp,M.C., Boot,H.J., Koopmans,M.P.",2009,2016-04-25,dsDNA
ANA05374.1,major capsid L1 protein,Human papillomavirus type 16,Alphapapillomavirus 9,,SeqAAA-250,531,Netherlands,Homo sapiens,,"King,A.J., Sonsma,J.A., Vriend,H.J., van der Sande,M.A., Feltkamp,M.C., Boot,H.J., Koopmans,M.P.",2009,2016-04-25,dsDNA
ANA05375.1,major capsid L1 protein,Human papillomavirus type 16,Alphapapillomavirus 9,,SeqAAA-290,531,Netherlands,Homo sapiens,,"King,A.J., Sonsma,J.A., Vriend,H.J., van der Sande,M.A., Feltkamp,M.C., Boot,H.J., Koopmans,M.P.",2009,2016-04-25,dsDNA
ANA05376.1,major capsid L1 protein,Human papillomavirus type 16,Alphapapillomavirus 9,,SeqAAA-336,531,Netherlands,Homo sapiens,,"King,A.J., Sonsma,J.A., Vriend,H.J., van der Sande,M.A., Feltkamp,M.C., Boot,H.J., Koopmans,M.P.",2009,2016-04-25,dsDNA
ANA05377.1,major capsid L1 protein,Human papillomavirus type 16,Alphapapillomavirus 9,,SeqAAA-339,531,Netherlands,Homo sapiens,,"King,A.J., Sonsma,J.A., Vriend,H.J., van der Sande,M.A., Feltkamp,M.C., Boot,H.J., Koopmans,M.P.",2009,2016-04-25,dsDNA
ANA05378.1,major capsid L1 protein,Human papillomavirus type 16,Alphapapillomavirus 9,,SeqAAA-341,531,Netherlands,Homo sapiens,,"King,A.J., Sonsma,J.A., Vriend,H.J., van der Sande,M.A., Feltkamp,M.C., Boot,H.J., Koopmans,M.P.",2009,2016-04-25,dsDNA
ANA05379.1,major capsid L1 protein,Human papillomavirus type 16,Alphapapillomavirus 9,,SeqAAA-351,531,Netherlands,Homo sapiens,,"King,A.J., Sonsma,J.A., Vriend,H.J., van der Sande,M.A., Feltkamp,M.C., Boot,H.J., Koopmans,M.P.",2009,2016-04-25,dsDNA
ANA05380.1,major capsid L1 protein,Human papillomavirus type 16,Alphapapillomavirus 9,,SeqAAA-367,531,Netherlands,Homo sapiens,,"King,A.J., Sonsma,J.A., Vriend,H.J., van der Sande,M.A., Feltkamp,M.C., Boot,H.J., Koopmans,M.P.",2009,2016-04-25,dsDNA
ANA05381.1,major capsid L1 protein,Human papillomavirus type 16,Alphapapillomavirus 9,,SeqAAA-374,531,Netherlands,Homo sapiens,,"King,A.J., Sonsma,J.A., Vriend,H.J., van der Sande,M.A., Feltkamp,M.C., Boot,H.J., Koopmans,M.P.",2009,2016-04-25,dsDNA
ANA05382.1,major capsid L1 protein,Human papillomavirus type 16,Alphapapillomavirus 9,,SeqAAA-395,531,Netherlands,Homo sapiens,,"King,A.J., Sonsma,J.A., Vriend,H.J., van der Sande,M.A., Feltkamp,M.C., Boot,H.J., Koopmans,M.P.",2009,2016-04-25,dsDNA
ANA05383.1,major capsid L1 protein,Human papillomavirus type 16,Alphapapillomavirus 9,,SeqAAA-413,531,Netherlands,Homo sapiens,,"King,A.J., Sonsma,J.A., Vriend,H.J., van der Sande,M.A., Feltkamp,M.C., Boot,H.J., Koopmans,M.P.",2009,2016-04-25,dsDNA
ANA05384.1,major capsid L1 protein,Human papillomavirus type 16,Alphapapillomavirus 9,,SeqAAA-429,531,Netherlands,Homo sapiens,,"King,A.J., Sonsma,J.A., Vriend,H.J., van der Sande,M.A., Feltkamp,M.C., Boot,H.J., Koopmans,M.P.",2009,2016-04-25,dsDNA
ANA05385.1,major capsid L1 protein,Human papillomavirus type 16,Alphapapillomavirus 9,,SeqAAA-440,531,Netherlands,Homo sapiens,,"King,A.J., Sonsma,J.A., Vriend,H.J., van der Sande,M.A., Feltkamp,M.C., Boot,H.J., Koopmans,M.P.",2009,2016-04-25,dsDNA
ANA05386.1,major capsid L1 protein,Human papillomavirus type 16,Alphapapillomavirus 9,,SeqAAA-445,531,Netherlands,Homo sapiens,,"King,A.J., Sonsma,J.A., Vriend,H.J., van der Sande,M.A., Feltkamp,M.C., Boot,H.J., Koopmans,M.P.",2009,2016-04-25,dsDNA
ANA05387.1,major capsid L1 protein,Human papillomavirus type 16,Alphapapillomavirus 9,,SeqAAA-446,531,Netherlands,Homo sapiens,,"King,A.J., Sonsma,J.A., Vriend,H.J., van der Sande,M.A., Feltkamp,M.C., Boot,H.J., Koopmans,M.P.",2009,2016-04-25,dsDNA
ANA05388.1,major capsid L1 protein,Human papillomavirus type 16,Alphapapillomavirus 9,,SeqAAA-459,531,Netherlands,Homo sapiens,,"King,A.J., Sonsma,J.A., Vriend,H.J., van der Sande,M.A., Feltkamp,M.C., Boot,H.J., Koopmans,M.P.",2009,2016-04-25,dsDNA
ANA05389.1,major capsid L1 protein,Human papillomavirus type 16,Alphapapillomavirus 9,,SeqAAA-473,531,Netherlands,Homo sapiens,,"King,A.J., Sonsma,J.A., Vriend,H.J., van der Sande,M.A., Feltkamp,M.C., Boot,H.J., Koopmans,M.P.",2009,2016-04-25,dsDNA
ANA05390.1,major capsid L1 protein,Human papillomavirus type 16,Alphapapillomavirus 9,,SeqAAA-491,531,Netherlands,Homo sapiens,,"King,A.J., Sonsma,J.A., Vriend,H.J., van der Sande,M.A., Feltkamp,M.C., Boot,H.J., Koopmans,M.P.",2009,2016-04-25,dsDNA
ANA05391.1,major capsid L1 protein,Human papillomavirus type 16,Alphapapillomavirus 9,,SeqAAA-503,531,Netherlands,Homo sapiens,,"King,A.J., Sonsma,J.A., Vriend,H.J., van der Sande,M.A., Feltkamp,M.C., Boot,H.J., Koopmans,M.P.",2009,2016-04-25,dsDNA
ANA05392.1,major capsid L1 protein,Human papillomavirus type 16,Alphapapillomavirus 9,,SeqAAA-509,531,Netherlands,Homo sapiens,,"King,A.J., Sonsma,J.A., Vriend,H.J., van der Sande,M.A., Feltkamp,M.C., Boot,H.J., Koopmans,M.P.",2009,2016-04-25,dsDNA
ANA05393.1,major capsid L1 protein,Human papillomavirus type 16,Alphapapillomavirus 9,,SeqAAA-525,531,Netherlands,Homo sapiens,,"King,A.J., Sonsma,J.A., Vriend,H.J., van der Sande,M.A., Feltkamp,M.C., Boot,H.J., Koopmans,M.P.",2009,2016-04-25,dsDNA
ANA05394.1,major capsid L1 protein,Human papillomavirus type 16,Alphapapillomavirus 9,,SeqAAA-526,531,Netherlands,Homo sapiens,,"King,A.J., Sonsma,J.A., Vriend,H.J., van der Sande,M.A., Feltkamp,M.C., Boot,H.J., Koopmans,M.P.",2009,2016-04-25,dsDNA
ANA05395.1,major capsid L1 protein,Human papillomavirus type 16,Alphapapillomavirus 9,,SeqAAA-534,531,Netherlands,Homo sapiens,,"King,A.J., Sonsma,J.A., Vriend,H.J., van der Sande,M.A., Feltkamp,M.C., Boot,H.J., Koopmans,M.P.",2009,2016-04-25,dsDNA
ANA05396.1,major capsid L1 protein,Human papillomavirus type 16,Alphapapillomavirus 9,,SeqAAA-537,531,Netherlands,Homo sapiens,,"King,A.J., Sonsma,J.A., Vriend,H.J., van der Sande,M.A., Feltkamp,M.C., Boot,H.J., Koopmans,M.P.",2009,2016-04-25,dsDNA
ANA05397.1,major capsid L1 protein,Human papillomavirus type 16,Alphapapillomavirus 9,,SeqAAA-550,531,Netherlands,Homo sapiens,,"King,A.J., Sonsma,J.A., Vriend,H.J., van der Sande,M.A., Feltkamp,M.C., Boot,H.J., Koopmans,M.P.",2009,2016-04-25,dsDNA
ANA05398.1,major capsid L1 protein,Human papillomavirus type 16,Alphapapillomavirus 9,,SeqAAA-551,531,Netherlands,Homo sapiens,,"King,A.J., Sonsma,J.A., Vriend,H.J., van der Sande,M.A., Feltkamp,M.C., Boot,H.J., Koopmans,M.P.",2009,2016-04-25,dsDNA
ANA05399.1,major capsid L1 protein,Human papillomavirus type 16,Alphapapillomavirus 9,,SeqAAA-552,531,Netherlands,Homo sapiens,,"King,A.J., Sonsma,J.A., Vriend,H.J., van der Sande,M.A., Feltkamp,M.C., Boot,H.J., Koopmans,M.P.",2009,2016-04-25,dsDNA
ANA05400.1,major capsid L1 protein,Human papillomavirus type 16,Alphapapillomavirus 9,,SeqAAA-555,531,Netherlands,Homo sapiens,,"King,A.J., Sonsma,J.A., Vriend,H.J., van der Sande,M.A., Feltkamp,M.C., Boot,H.J., Koopmans,M.P.",2009,2016-04-25,dsDNA
ANA05401.1,major capsid L1 protein,Human papillomavirus type 16,Alphapapillomavirus 9,,SeqAAA-588,531,Netherlands,Homo sapiens,,"King,A.J., Sonsma,J.A., Vriend,H.J., van der Sande,M.A., Feltkamp,M.C., Boot,H.J., Koopmans,M.P.",2009,2016-04-25,dsDNA
ANA05402.1,major capsid L1 protein,Human papillomavirus type 16,Alphapapillomavirus 9,,SeqAAA-592,531,Netherlands,Homo sapiens,,"King,A.J., Sonsma,J.A., Vriend,H.J., van der Sande,M.A., Feltkamp,M.C., Boot,H.J., Koopmans,M.P.",2009,2016-04-25,dsDNA
ANA05403.1,major capsid L1 protein,Human papillomavirus type 16,Alphapapillomavirus 9,,SeqAAA-598,531,Netherlands,Homo sapiens,,"King,A.J., Sonsma,J.A., Vriend,H.J., van der Sande,M.A., Feltkamp,M.C., Boot,H.J., Koopmans,M.P.",2009,2016-04-25,dsDNA
ANA05404.1,major capsid L1 protein,Human papillomavirus type 16,Alphapapillomavirus 9,,SeqAAA-602,531,Netherlands,Homo sapiens,,"King,A.J., Sonsma,J.A., Vriend,H.J., van der Sande,M.A., Feltkamp,M.C., Boot,H.J., Koopmans,M.P.",2009,2016-04-25,dsDNA
ANA05405.1,major capsid L1 protein,Human papillomavirus type 16,Alphapapillomavirus 9,,SeqAAA-607,531,Netherlands,Homo sapiens,,"King,A.J., Sonsma,J.A., Vriend,H.J., van der Sande,M.A., Feltkamp,M.C., Boot,H.J., Koopmans,M.P.",2009,2016-04-25,dsDNA
ANA05406.1,major capsid L1 protein,Human papillomavirus type 16,Alphapapillomavirus 9,,SeqAAA-628,531,Netherlands,Homo sapiens,,"King,A.J., Sonsma,J.A., Vriend,H.J., van der Sande,M.A., Feltkamp,M.C., Boot,H.J., Koopmans,M.P.",2009,2016-04-25,dsDNA
ANA05407.1,major capsid L1 protein,Human papillomavirus type 16,Alphapapillomavirus 9,,SeqAAA-635,531,Netherlands,Homo sapiens,,"King,A.J., Sonsma,J.A., Vriend,H.J., van der Sande,M.A., Feltkamp,M.C., Boot,H.J., Koopmans,M.P.",2009,2016-04-25,dsDNA
ANA05408.1,major capsid L1 protein,Human papillomavirus type 16,Alphapapillomavirus 9,,SeqAAA-640,531,Netherlands,Homo sapiens,,"King,A.J., Sonsma,J.A., Vriend,H.J., van der Sande,M.A., Feltkamp,M.C., Boot,H.J., Koopmans,M.P.",2009,2016-04-25,dsDNA
ANA05409.1,major capsid L1 protein,Human papillomavirus type 16,Alphapapillomavirus 9,,SeqAAA-645,531,Netherlands,Homo sapiens,,"King,A.J., Sonsma,J.A., Vriend,H.J., van der Sande,M.A., Feltkamp,M.C., Boot,H.J., Koopmans,M.P.",2009,2016-04-25,dsDNA
ANA05410.1,major capsid L1 protein,Human papillomavirus type 16,Alphapapillomavirus 9,,SeqAAA-649,531,Netherlands,Homo sapiens,,"King,A.J., Sonsma,J.A., Vriend,H.J., van der Sande,M.A., Feltkamp,M.C., Boot,H.J., Koopmans,M.P.",2009,2016-04-25,dsDNA
ANA05411.1,major capsid L1 protein,Human papillomavirus type 16,Alphapapillomavirus 9,,SeqAAA-653,531,Netherlands,Homo sapiens,,"King,A.J., Sonsma,J.A., Vriend,H.J., van der Sande,M.A., Feltkamp,M.C., Boot,H.J., Koopmans,M.P.",2009,2016-04-25,dsDNA
ANA05412.1,major capsid L1 protein,Human papillomavirus type 16,Alphapapillomavirus 9,,SeqAAA-671,531,Netherlands,Homo sapiens,,"King,A.J., Sonsma,J.A., Vriend,H.J., van der Sande,M.A., Feltkamp,M.C., Boot,H.J., Koopmans,M.P.",2009,2016-04-25,dsDNA
ANA05413.1,major capsid L1 protein,Human papillomavirus type 16,Alphapapillomavirus 9,,SeqAAA-682,531,Netherlands,Homo sapiens,,"King,A.J., Sonsma,J.A., Vriend,H.J., van der Sande,M.A., Feltkamp,M.C., Boot,H.J., Koopmans,M.P.",2009,2016-04-25,dsDNA
ANA05414.1,major capsid L1 protein,Human papillomavirus type 16,Alphapapillomavirus 9,,SeqAAA-692,531,Netherlands,Homo sapiens,,"King,A.J., Sonsma,J.A., Vriend,H.J., van der Sande,M.A., Feltkamp,M.C., Boot,H.J., Koopmans,M.P.",2009,2016-04-25,dsDNA
ANA05415.1,major capsid L1 protein,Human papillomavirus type 16,Alphapapillomavirus 9,,SeqAAA-697,531,Netherlands,Homo sapiens,,"King,A.J., Sonsma,J.A., Vriend,H.J., van der Sande,M.A., Feltkamp,M.C., Boot,H.J., Koopmans,M.P.",2009,2016-04-25,dsDNA
ANA05416.1,major capsid L1 protein,Human papillomavirus type 16,Alphapapillomavirus 9,,SeqAAA-699,531,Netherlands,Homo sapiens,,"King,A.J., Sonsma,J.A., Vriend,H.J., van der Sande,M.A., Feltkamp,M.C., Boot,H.J., Koopmans,M.P.",2009,2016-04-25,dsDNA
ANA05417.1,major capsid L1 protein,Human papillomavirus type 16,Alphapapillomavirus 9,,SeqAAA-706,531,Netherlands,Homo sapiens,,"King,A.J., Sonsma,J.A., Vriend,H.J., van der Sande,M.A., Feltkamp,M.C., Boot,H.J., Koopmans,M.P.",2009,2016-04-25,dsDNA
ANA05418.1,major capsid L1 protein,Human papillomavirus type 16,Alphapapillomavirus 9,,SeqAAA-726,531,Netherlands,Homo sapiens,,"King,A.J., Sonsma,J.A., Vriend,H.J., van der Sande,M.A., Feltkamp,M.C., Boot,H.J., Koopmans,M.P.",2009,2016-04-25,dsDNA
ANA05419.1,major capsid L1 protein,Human papillomavirus type 16,Alphapapillomavirus 9,,SeqB011072892,531,Netherlands,Homo sapiens,,"King,A.J., Sonsma,J.A., Vriend,H.J., van der Sande,M.A., Feltkamp,M.C., Boot,H.J., Koopmans,M.P.",2011,2016-04-25,dsDNA
ANA05420.1,major capsid L1 protein,Human papillomavirus type 16,Alphapapillomavirus 9,,SeqB011092679,531,Netherlands,Homo sapiens,,"King,A.J., Sonsma,J.A., Vriend,H.J., van der Sande,M.A., Feltkamp,M.C., Boot,H.J., Koopmans,M.P.",2011,2016-04-25,dsDNA
ANA05421.1,major capsid L1 protein,Human papillomavirus type 16,Alphapapillomavirus 9,,SeqBBB0900329,531,Netherlands,Homo sapiens,,"King,A.J., Sonsma,J.A., Vriend,H.J., van der Sande,M.A., Feltkamp,M.C., Boot,H.J., Koopmans,M.P.",2009,2016-04-25,dsDNA
ANA05422.1,major capsid L1 protein,Human papillomavirus type 16,Alphapapillomavirus 9,,SeqBBB0900462,531,Netherlands,Homo sapiens,,"King,A.J., Sonsma,J.A., Vriend,H.J., van der Sande,M.A., Feltkamp,M.C., Boot,H.J., Koopmans,M.P.",2009,2016-04-25,dsDNA
ANA05423.1,major capsid L1 protein,Human papillomavirus type 16,Alphapapillomavirus 9,,SeqBBB0900467,531,Netherlands,Homo sapiens,,"King,A.J., Sonsma,J.A., Vriend,H.J., van der Sande,M.A., Feltkamp,M.C., Boot,H.J., Koopmans,M.P.",2009,2016-04-25,dsDNA
ANA05424.1,major capsid L1 protein,Human papillomavirus type 16,Alphapapillomavirus 9,,SeqBBB0900476,531,Netherlands,Homo sapiens,,"King,A.J., Sonsma,J.A., Vriend,H.J., van der Sande,M.A., Feltkamp,M.C., Boot,H.J., Koopmans,M.P.",2009,2016-04-25,dsDNA
ANA05425.1,major capsid L1 protein,Human papillomavirus type 16,Alphapapillomavirus 9,,SeqBBB0900490,531,Netherlands,Homo sapiens,,"King,A.J., Sonsma,J.A., Vriend,H.J., van der Sande,M.A., Feltkamp,M.C., Boot,H.J., Koopmans,M.P.",2009,2016-04-25,dsDNA
ANA05426.1,major capsid L1 protein,Human papillomavirus type 16,Alphapapillomavirus 9,,SeqBBB0900504,531,Netherlands,Homo sapiens,,"King,A.J., Sonsma,J.A., Vriend,H.J., van der Sande,M.A., Feltkamp,M.C., Boot,H.J., Koopmans,M.P.",2009,2016-04-25,dsDNA
ANA05427.1,major capsid L1 protein,Human papillomavirus type 16,Alphapapillomavirus 9,,SeqBBB0900544,531,Netherlands,Homo sapiens,,"King,A.J., Sonsma,J.A., Vriend,H.J., van der Sande,M.A., Feltkamp,M.C., Boot,H.J., Koopmans,M.P.",2009,2016-04-25,dsDNA
ANA05428.1,major capsid L1 protein,Human papillomavirus type 16,Alphapapillomavirus 9,,SeqBBB0900655,531,Netherlands,Homo sapiens,,"King,A.J., Sonsma,J.A., Vriend,H.J., van der Sande,M.A., Feltkamp,M.C., Boot,H.J., Koopmans,M.P.",2009,2016-04-25,dsDNA
ANA05429.1,major capsid L1 protein,Human papillomavirus type 16,Alphapapillomavirus 9,,SeqBBB0900689,531,Netherlands,Homo sapiens,,"King,A.J., Sonsma,J.A., Vriend,H.J., van der Sande,M.A., Feltkamp,M.C., Boot,H.J., Koopmans,M.P.",2009,2016-04-25,dsDNA
ANA05430.1,major capsid L1 protein,Human papillomavirus type 16,Alphapapillomavirus 9,,SeqBBT0900392,531,Netherlands,Homo sapiens,,"King,A.J., Sonsma,J.A., Vriend,H.J., van der Sande,M.A., Feltkamp,M.C., Boot,H.J., Koopmans,M.P.",2009,2016-04-25,dsDNA
ANA05431.1,major capsid L1 protein,Human papillomavirus type 16,Alphapapillomavirus 9,,SeqBBT0900396,531,Netherlands,Homo sapiens,,"King,A.J., Sonsma,J.A., Vriend,H.J., van der Sande,M.A., Feltkamp,M.C., Boot,H.J., Koopmans,M.P.",2009,2016-04-25,dsDNA
ANA05432.1,major capsid L1 protein,Human papillomavirus type 16,Alphapapillomavirus 9,,SeqBBT0900402,531,Netherlands,Homo sapiens,,"King,A.J., Sonsma,J.A., Vriend,H.J., van der Sande,M.A., Feltkamp,M.C., Boot,H.J., Koopmans,M.P.",2009,2016-04-25,dsDNA
ANA05433.1,major capsid L1 protein,Human papillomavirus type 16,Alphapapillomavirus 9,,SeqBBT0900404,531,Netherlands,Homo sapiens,,"King,A.J., Sonsma,J.A., Vriend,H.J., van der Sande,M.A., Feltkamp,M.C., Boot,H.J., Koopmans,M.P.",2009,2016-04-25,dsDNA
ANA05434.1,major capsid L1 protein,Human papillomavirus type 16,Alphapapillomavirus 9,,SeqBBT0900415,531,Netherlands,Homo sapiens,,"King,A.J., Sonsma,J.A., Vriend,H.J., van der Sande,M.A., Feltkamp,M.C., Boot,H.J., Koopmans,M.P.",2009,2016-04-25,dsDNA
ANA05435.1,major capsid L1 protein,Human papillomavirus type 16,Alphapapillomavirus 9,,SeqBBT0900448,531,Netherlands,Homo sapiens,,"King,A.J., Sonsma,J.A., Vriend,H.J., van der Sande,M.A., Feltkamp,M.C., Boot,H.J., Koopmans,M.P.",2009,2016-04-25,dsDNA
ANA05436.1,major capsid L1 protein,Human papillomavirus type 16,Alphapapillomavirus 9,,SeqBBT0900497,531,Netherlands,Homo sapiens,,"King,A.J., Sonsma,J.A., Vriend,H.J., van der Sande,M.A., Feltkamp,M.C., Boot,H.J., Koopmans,M.P.",2009,2016-04-25,dsDNA
ANA05437.1,major capsid L1 protein,Human papillomavirus type 16,Alphapapillomavirus 9,,SeqBBT0900503,531,Netherlands,Homo sapiens,,"King,A.J., Sonsma,J.A., Vriend,H.J., van der Sande,M.A., Feltkamp,M.C., Boot,H.J., Koopmans,M.P.",2009,2016-04-25,dsDNA
ANA05438.1,major capsid L1 protein,Human papillomavirus type 16,Alphapapillomavirus 9,,SeqBBT0900516,531,Netherlands,Homo sapiens,,"King,A.J., Sonsma,J.A., Vriend,H.J., van der Sande,M.A., Feltkamp,M.C., Boot,H.J., Koopmans,M.P.",2009,2016-04-25,dsDNA
ANA05439.1,major capsid L1 protein,Human papillomavirus type 16,Alphapapillomavirus 9,,SeqBT0900521,531,Netherlands,Homo sapiens,,"King,A.J., Sonsma,J.A., Vriend,H.J., van der Sande,M.A., Feltkamp,M.C., Boot,H.J., Koopmans,M.P.",2009,2016-04-25,dsDNA
ANA05440.1,major capsid L1 protein,Human papillomavirus type 16,Alphapapillomavirus 9,,SeqBBT0900573,531,Netherlands,Homo sapiens,,"King,A.J., Sonsma,J.A., Vriend,H.J., van der Sande,M.A., Feltkamp,M.C., Boot,H.J., Koopmans,M.P.",2009,2016-04-25,dsDNA
ANA05441.1,major capsid L1 protein,Human papillomavirus type 16,Alphapapillomavirus 9,,SeqBBT0900608,531,Netherlands,Homo sapiens,,"King,A.J., Sonsma,J.A., Vriend,H.J., van der Sande,M.A., Feltkamp,M.C., Boot,H.J., Koopmans,M.P.",2009,2016-04-25,dsDNA
ANA05442.1,major capsid L1 protein,Human papillomavirus type 16,Alphapapillomavirus 9,,SeqBBT0900660,531,Netherlands,Homo sapiens,,"King,A.J., Sonsma,J.A., Vriend,H.J., van der Sande,M.A., Feltkamp,M.C., Boot,H.J., Koopmans,M.P.",2009,2016-04-25,dsDNA
ANA05443.1,major capsid L1 protein,Human papillomavirus type 16,Alphapapillomavirus 9,,SeqBBT0900728,531,Netherlands,Homo sapiens,,"King,A.J., Sonsma,J.A., Vriend,H.J., van der Sande,M.A., Feltkamp,M.C., Boot,H.J., Koopmans,M.P.",2009,2016-04-25,dsDNA
ANA05444.1,major capsid L1 protein,Human papillomavirus type 16,Alphapapillomavirus 9,,SeqBBT0900749,531,Netherlands,Homo sapiens,,"King,A.J., Sonsma,J.A., Vriend,H.J., van der Sande,M.A., Feltkamp,M.C., Boot,H.J., Koopmans,M.P.",2009,2016-04-25,dsDNA
ANA05445.1,major capsid L1 protein,Human papillomavirus type 16,Alphapapillomavirus 9,,SeqBBT0900761,531,Netherlands,Homo sapiens,,"King,A.J., Sonsma,J.A., Vriend,H.J., van der Sande,M.A., Feltkamp,M.C., Boot,H.J., Koopmans,M.P.",2009,2016-04-25,dsDNA
ANA05446.1,major capsid L1 protein,Human papillomavirus type 16,Alphapapillomavirus 9,,SeqBBT0900813,531,Netherlands,Homo sapiens,,"King,A.J., Sonsma,J.A., Vriend,H.J., van der Sande,M.A., Feltkamp,M.C., Boot,H.J., Koopmans,M.P.",2009,2016-04-25,dsDNA
ANA05447.1,major capsid L1 protein,Human papillomavirus type 16,Alphapapillomavirus 9,,SeqBBT0900817,531,Netherlands,Homo sapiens,,"King,A.J., Sonsma,J.A., Vriend,H.J., van der Sande,M.A., Feltkamp,M.C., Boot,H.J., Koopmans,M.P.",2009,2016-04-25,dsDNA
ANA05448.1,major capsid L1 protein,Human papillomavirus type 16,Alphapapillomavirus 9,,SeqDB-02,531,Netherlands,Homo sapiens,,"King,A.J., Sonsma,J.A., Vriend,H.J., van der Sande,M.A., Feltkamp,M.C., Boot,H.J., Koopmans,M.P.",2011,2016-04-25,dsDNA
ANA05449.1,major capsid L1 protein,Human papillomavirus type 16,Alphapapillomavirus 9,,SeqDB-04,531,Netherlands,Homo sapiens,,"King,A.J., Sonsma,J.A., Vriend,H.J., van der Sande,M.A., Feltkamp,M.C., Boot,H.J., Koopmans,M.P.",2011,2016-04-25,dsDNA
ANA05450.1,major capsid L1 protein,Human papillomavirus type 16,Alphapapillomavirus 9,,SeqDB-051V,531,Netherlands,Homo sapiens,,"King,A.J., Sonsma,J.A., Vriend,H.J., van der Sande,M.A., Feltkamp,M.C., Boot,H.J., Koopmans,M.P.",2011,2016-04-25,dsDNA
ANA05451.1,major capsid L1 protein,Human papillomavirus type 16,Alphapapillomavirus 9,,SeqDB-06,531,Netherlands,Homo sapiens,,"King,A.J., Sonsma,J.A., Vriend,H.J., van der Sande,M.A., Feltkamp,M.C., Boot,H.J., Koopmans,M.P.",2011,2016-04-25,dsDNA
ANA05452.1,major capsid L1 protein,Human papillomavirus type 16,Alphapapillomavirus 9,,SeqDB-16V,531,Netherlands,Homo sapiens,,"King,A.J., Sonsma,J.A., Vriend,H.J., van der Sande,M.A., Feltkamp,M.C., Boot,H.J., Koopmans,M.P.",2011,2016-04-25,dsDNA
ANA05453.1,major capsid L1 protein,Human papillomavirus type 16,Alphapapillomavirus 9,,SeqDB-27V,531,Netherlands,Homo sapiens,,"King,A.J., Sonsma,J.A., Vriend,H.J., van der Sande,M.A., Feltkamp,M.C., Boot,H.J., Koopmans,M.P.",2011,2016-04-25,dsDNA
ANA05454.1,major capsid L1 protein,Human papillomavirus type 16,Alphapapillomavirus 9,,SeqDB-46,531,Netherlands,Homo sapiens,,"King,A.J., Sonsma,J.A., Vriend,H.J., van der Sande,M.A., Feltkamp,M.C., Boot,H.J., Koopmans,M.P.",2011,2016-04-25,dsDNA
ANA05455.1,major capsid L1 protein,Human papillomavirus type 16,Alphapapillomavirus 9,,SeqDB-47,531,Netherlands,Homo sapiens,,"King,A.J., Sonsma,J.A., Vriend,H.J., van der Sande,M.A., Feltkamp,M.C., Boot,H.J., Koopmans,M.P.",2011,2016-04-25,dsDNA
ANA05456.1,major capsid L1 protein,Human papillomavirus type 16,Alphapapillomavirus 9,,SeqGFL1100152V,531,Netherlands,Homo sapiens,,"King,A.J., Sonsma,J.A., Vriend,H.J., van der Sande,M.A., Feltkamp,M.C., Boot,H.J., Koopmans,M.P.",2011,2016-04-25,dsDNA
ANA05457.1,major capsid L1 protein,Human papillomavirus type 16,Alphapapillomavirus 9,,SeqGFL1100191V,531,Netherlands,Homo sapiens,,"King,A.J., Sonsma,J.A., Vriend,H.J., van der Sande,M.A., Feltkamp,M.C., Boot,H.J., Koopmans,M.P.",2011,2016-04-25,dsDNA
ANA05458.1,major capsid L1 protein,Human papillomavirus type 16,Alphapapillomavirus 9,,SeqGGD-V502,531,Netherlands,Homo sapiens,,"King,A.J., Sonsma,J.A., Vriend,H.J., van der Sande,M.A., Feltkamp,M.C., Boot,H.J., Koopmans,M.P.",2009,2016-04-25,dsDNA
ANA05459.1,major capsid L1 protein,Human papillomavirus type 16,Alphapapillomavirus 9,,SeqGGD-V520,531,Netherlands,Homo sapiens,,"King,A.J., Sonsma,J.A., Vriend,H.J., van der Sande,M.A., Feltkamp,M.C., Boot,H.J., Koopmans,M.P.",2009,2016-04-25,dsDNA
ANA05460.1,major capsid L1 protein,Human papillomavirus type 16,Alphapapillomavirus 9,,SeqGGF-V369,531,Netherlands,Homo sapiens,,"King,A.J., Sonsma,J.A., Vriend,H.J., van der Sande,M.A., Feltkamp,M.C., Boot,H.J., Koopmans,M.P.",2009,2016-04-25,dsDNA
ANA05461.1,major capsid L1 protein,Human papillomavirus type 16,Alphapapillomavirus 9,,SeqGGF-V376,531,Netherlands,Homo sapiens,,"King,A.J., Sonsma,J.A., Vriend,H.J., van der Sande,M.A., Feltkamp,M.C., Boot,H.J., Koopmans,M.P.",2009,2016-04-25,dsDNA
ANA05462.1,major capsid L1 protein,Human papillomavirus type 16,Alphapapillomavirus 9,,SeqGGG-P600,531,Netherlands,Homo sapiens,,"King,A.J., Sonsma,J.A., Vriend,H.J., van der Sande,M.A., Feltkamp,M.C., Boot,H.J., Koopmans,M.P.",2009,2016-04-25,dsDNA
ANA05463.1,major capsid L1 protein,Human papillomavirus type 16,Alphapapillomavirus 9,,SeqGGG-P710,531,Netherlands,Homo sapiens,,"King,A.J., Sonsma,J.A., Vriend,H.J., van der Sande,M.A., Feltkamp,M.C., Boot,H.J., Koopmans,M.P.",2009,2016-04-25,dsDNA
ANA05464.1,major capsid L1 protein,Human papillomavirus type 16,Alphapapillomavirus 9,,SeqGGG-V023,531,Netherlands,Homo sapiens,,"King,A.J., Sonsma,J.A., Vriend,H.J., van der Sande,M.A., Feltkamp,M.C., Boot,H.J., Koopmans,M.P.",2009,2016-04-25,dsDNA
ANA05465.1,major capsid L1 protein,Human papillomavirus type 16,Alphapapillomavirus 9,,SeqGGG-V024,531,Netherlands,Homo sapiens,,"King,A.J., Sonsma,J.A., Vriend,H.J., van der Sande,M.A., Feltkamp,M.C., Boot,H.J., Koopmans,M.P.",2009,2016-04-25,dsDNA
ANA05466.1,major capsid L1 protein,Human papillomavirus type 16,Alphapapillomavirus 9,,SeqGGG-V035,531,Netherlands,Homo sapiens,,"King,A.J., Sonsma,J.A., Vriend,H.J., van der Sande,M.A., Feltkamp,M.C., Boot,H.J., Koopmans,M.P.",2009,2016-04-25,dsDNA
ANA05467.1,major capsid L1 protein,Human papillomavirus type 16,Alphapapillomavirus 9,,SeqGGG-V041,531,Netherlands,Homo sapiens,,"King,A.J., Sonsma,J.A., Vriend,H.J., van der Sande,M.A., Feltkamp,M.C., Boot,H.J., Koopmans,M.P.",2009,2016-04-25,dsDNA
ANA05468.1,major capsid L1 protein,Human papillomavirus type 16,Alphapapillomavirus 9,,SeqH2011001303,531,Netherlands,Homo sapiens,,"King,A.J., Sonsma,J.A., Vriend,H.J., van der Sande,M.A., Feltkamp,M.C., Boot,H.J., Koopmans,M.P.",2011,2016-04-25,dsDNA
ANA05469.1,major capsid L1 protein,Human papillomavirus type 16,Alphapapillomavirus 9,,SeqH2011002703,531,Netherlands,Homo sapiens,,"King,A.J., Sonsma,J.A., Vriend,H.J., van der Sande,M.A., Feltkamp,M.C., Boot,H.J., Koopmans,M.P.",2011,2016-04-25,dsDNA
ANA05470.1,major capsid L1 protein,Human papillomavirus type 16,Alphapapillomavirus 9,,SeqH2011004503VP,531,Netherlands,Homo sapiens,,"King,A.J., Sonsma,J.A., Vriend,H.J., van der Sande,M.A., Feltkamp,M.C., Boot,H.J., Koopmans,M.P.",2011,2016-04-25,dsDNA
ANA05471.1,major capsid L1 protein,Human papillomavirus type 16,Alphapapillomavirus 9,,SeqH2011005203VP,531,Netherlands,Homo sapiens,,"King,A.J., Sonsma,J.A., Vriend,H.J., van der Sande,M.A., Feltkamp,M.C., Boot,H.J., Koopmans,M.P.",2011,2016-04-25,dsDNA
ANA05472.1,major capsid L1 protein,Human papillomavirus type 16,Alphapapillomavirus 9,,SeqH2011005402,531,Netherlands,Homo sapiens,,"King,A.J., Sonsma,J.A., Vriend,H.J., van der Sande,M.A., Feltkamp,M.C., Boot,H.J., Koopmans,M.P.",2011,2016-04-25,dsDNA
ANA05473.1,major capsid L1 protein,Human papillomavirus type 16,Alphapapillomavirus 9,,SeqH2011007902VP,531,Netherlands,Homo sapiens,,"King,A.J., Sonsma,J.A., Vriend,H.J., van der Sande,M.A., Feltkamp,M.C., Boot,H.J., Koopmans,M.P.",2011,2016-04-25,dsDNA
ANA05474.1,major capsid L1 protein,Human papillomavirus type 16,Alphapapillomavirus 9,,SeqH20110082,531,Netherlands,Homo sapiens,,"King,A.J., Sonsma,J.A., Vriend,H.J., van der Sande,M.A., Feltkamp,M.C., Boot,H.J., Koopmans,M.P.",2011,2016-04-25,dsDNA
ANA05475.1,major capsid L1 protein,Human papillomavirus type 16,Alphapapillomavirus 9,,SeqH2011008303,531,Netherlands,Homo sapiens,,"King,A.J., Sonsma,J.A., Vriend,H.J., van der Sande,M.A., Feltkamp,M.C., Boot,H.J., Koopmans,M.P.",2011,2016-04-25,dsDNA
ANA05476.1,major capsid L1 protein,Human papillomavirus type 16,Alphapapillomavirus 9,,SeqH2011008603VP,531,Netherlands,Homo sapiens,,"King,A.J., Sonsma,J.A., Vriend,H.J., van der Sande,M.A., Feltkamp,M.C., Boot,H.J., Koopmans,M.P.",2011,2016-04-25,dsDNA
ANA05477.1,major capsid L1 protein,Human papillomavirus type 16,Alphapapillomavirus 9,,SeqH2011010603,531,Netherlands,Homo sapiens,,"King,A.J., Sonsma,J.A., Vriend,H.J., van der Sande,M.A., Feltkamp,M.C., Boot,H.J., Koopmans,M.P.",2011,2016-04-25,dsDNA
ANA05478.1,major capsid L1 protein,Human papillomavirus type 16,Alphapapillomavirus 9,,SeqH2011011703,531,Netherlands,Homo sapiens,,"King,A.J., Sonsma,J.A., Vriend,H.J., van der Sande,M.A., Feltkamp,M.C., Boot,H.J., Koopmans,M.P.",2011,2016-04-25,dsDNA
ANA05479.1,major capsid L1 protein,Human papillomavirus type 16,Alphapapillomavirus 9,,SeqH2011011803,531,Netherlands,Homo sapiens,,"King,A.J., Sonsma,J.A., Vriend,H.J., van der Sande,M.A., Feltkamp,M.C., Boot,H.J., Koopmans,M.P.",2011,2016-04-25,dsDNA
ANA05480.1,major capsid L1 protein,Human papillomavirus type 16,Alphapapillomavirus 9,,SeqH2011013403,531,Netherlands,Homo sapiens,,"King,A.J., Sonsma,J.A., Vriend,H.J., van der Sande,M.A., Feltkamp,M.C., Boot,H.J., Koopmans,M.P.",2011,2016-04-25,dsDNA
ANA05481.1,major capsid L1 protein,Human papillomavirus type 16,Alphapapillomavirus 9,,SeqH2011014403,531,Netherlands,Homo sapiens,,"King,A.J., Sonsma,J.A., Vriend,H.J., van der Sande,M.A., Feltkamp,M.C., Boot,H.J., Koopmans,M.P.",2011,2016-04-25,dsDNA
ANA05482.1,major capsid L1 protein,Human papillomavirus type 16,Alphapapillomavirus 9,,SeqH2011014503,531,Netherlands,Homo sapiens,,"King,A.J., Sonsma,J.A., Vriend,H.J., van der Sande,M.A., Feltkamp,M.C., Boot,H.J., Koopmans,M.P.",2011,2016-04-25,dsDNA
ANA05483.1,major capsid L1 protein,Human papillomavirus type 16,Alphapapillomavirus 9,,SeqH2011015203,531,Netherlands,Homo sapiens,,"King,A.J., Sonsma,J.A., Vriend,H.J., van der Sande,M.A., Feltkamp,M.C., Boot,H.J., Koopmans,M.P.",2011,2016-04-25,dsDNA
ANA05484.1,major capsid L1 protein,Human papillomavirus type 16,Alphapapillomavirus 9,,SeqH2011016003,531,Netherlands,Homo sapiens,,"King,A.J., Sonsma,J.A., Vriend,H.J., van der Sande,M.A., Feltkamp,M.C., Boot,H.J., Koopmans,M.P.",2011,2016-04-25,dsDNA
ANA05485.1,major capsid L1 protein,Human papillomavirus type 16,Alphapapillomavirus 9,,SeqH2011018403,531,Netherlands,Homo sapiens,,"King,A.J., Sonsma,J.A., Vriend,H.J., van der Sande,M.A., Feltkamp,M.C., Boot,H.J., Koopmans,M.P.",2011,2016-04-25,dsDNA
ANA05486.1,major capsid L1 protein,Human papillomavirus type 16,Alphapapillomavirus 9,,SeqH2011019203,531,Netherlands,Homo sapiens,,"King,A.J., Sonsma,J.A., Vriend,H.J., van der Sande,M.A., Feltkamp,M.C., Boot,H.J., Koopmans,M.P.",2011,2016-04-25,dsDNA
ANA05487.1,major capsid L1 protein,Human papillomavirus type 16,Alphapapillomavirus 9,,SeqH2011019303,531,Netherlands,Homo sapiens,,"King,A.J., Sonsma,J.A., Vriend,H.J., van der Sande,M.A., Feltkamp,M.C., Boot,H.J., Koopmans,M.P.",2011,2016-04-25,dsDNA
ANA05488.1,major capsid L1 protein,Human papillomavirus type 16,Alphapapillomavirus 9,,SeqH2011019803,531,Netherlands,Homo sapiens,,"King,A.J., Sonsma,J.A., Vriend,H.J., van der Sande,M.A., Feltkamp,M.C., Boot,H.J., Koopmans,M.P.",2011,2016-04-25,dsDNA
ANA05489.1,major capsid L1 protein,Human papillomavirus type 16,Alphapapillomavirus 9,,SeqH2011021302,531,Netherlands,Homo sapiens,,"King,A.J., Sonsma,J.A., Vriend,H.J., van der Sande,M.A., Feltkamp,M.C., Boot,H.J., Koopmans,M.P.",2011,2016-04-25,dsDNA
ANA05490.1,major capsid L1 protein,Human papillomavirus type 16,Alphapapillomavirus 9,,SeqH2011021803,531,Netherlands,Homo sapiens,,"King,A.J., Sonsma,J.A., Vriend,H.J., van der Sande,M.A., Feltkamp,M.C., Boot,H.J., Koopmans,M.P.",2011,2016-04-25,dsDNA
ANA05491.1,major capsid L1 protein,Human papillomavirus type 16,Alphapapillomavirus 9,,SeqH2011022003,531,Netherlands,Homo sapiens,,"King,A.J., Sonsma,J.A., Vriend,H.J., van der Sande,M.A., Feltkamp,M.C., Boot,H.J., Koopmans,M.P.",2011,2016-04-25,dsDNA
ANA05492.1,major capsid L1 protein,Human papillomavirus type 16,Alphapapillomavirus 9,,SeqH2011023403,531,Netherlands,Homo sapiens,,"King,A.J., Sonsma,J.A., Vriend,H.J., van der Sande,M.A., Feltkamp,M.C., Boot,H.J., Koopmans,M.P.",2011,2016-04-25,dsDNA
ANA05493.1,major capsid L1 protein,Human papillomavirus type 16,Alphapapillomavirus 9,,SeqH2011023803,531,Netherlands,Homo sapiens,,"King,A.J., Sonsma,J.A., Vriend,H.J., van der Sande,M.A., Feltkamp,M.C., Boot,H.J., Koopmans,M.P.",2011,2016-04-25,dsDNA
ANA05494.1,major capsid L1 protein,Human papillomavirus type 16,Alphapapillomavirus 9,,SeqH2011025303,531,Netherlands,Homo sapiens,,"King,A.J., Sonsma,J.A., Vriend,H.J., van der Sande,M.A., Feltkamp,M.C., Boot,H.J., Koopmans,M.P.",2011,2016-04-25,dsDNA
ANA05495.1,major capsid L1 protein,Human papillomavirus type 16,Alphapapillomavirus 9,,SeqH2011025402,531,Netherlands,Homo sapiens,,"King,A.J., Sonsma,J.A., Vriend,H.J., van der Sande,M.A., Feltkamp,M.C., Boot,H.J., Koopmans,M.P.",2011,2016-04-25,dsDNA
ANA05496.1,major capsid L1 protein,Human papillomavirus type 16,Alphapapillomavirus 9,,SeqH2011028502,531,Netherlands,Homo sapiens,,"King,A.J., Sonsma,J.A., Vriend,H.J., van der Sande,M.A., Feltkamp,M.C., Boot,H.J., Koopmans,M.P.",2011,2016-04-25,dsDNA
ANA05497.1,major capsid L1 protein,Human papillomavirus type 16,Alphapapillomavirus 9,,SeqH2011029903,531,Netherlands,Homo sapiens,,"King,A.J., Sonsma,J.A., Vriend,H.J., van der Sande,M.A., Feltkamp,M.C., Boot,H.J., Koopmans,M.P.",2011,2016-04-25,dsDNA
ANA05498.1,major capsid L1 protein,Human papillomavirus type 16,Alphapapillomavirus 9,,SeqH2011030803,531,Netherlands,Homo sapiens,,"King,A.J., Sonsma,J.A., Vriend,H.J., van der Sande,M.A., Feltkamp,M.C., Boot,H.J., Koopmans,M.P.",2011,2016-04-25,dsDNA
ANA05499.1,major capsid L1 protein,Human papillomavirus type 16,Alphapapillomavirus 9,,SeqH2011038303,531,Netherlands,Homo sapiens,,"King,A.J., Sonsma,J.A., Vriend,H.J., van der Sande,M.A., Feltkamp,M.C., Boot,H.J., Koopmans,M.P.",2011,2016-04-25,dsDNA
ANA05500.1,major capsid L1 protein,Human papillomavirus type 16,Alphapapillomavirus 9,,SeqH2011043503,531,Netherlands,Homo sapiens,,"King,A.J., Sonsma,J.A., Vriend,H.J., van der Sande,M.A., Feltkamp,M.C., Boot,H.J., Koopmans,M.P.",2011,2016-04-25,dsDNA
ANA05501.1,major capsid L1 protein,Human papillomavirus type 16,Alphapapillomavirus 9,,SeqH2011045702,531,Netherlands,Homo sapiens,,"King,A.J., Sonsma,J.A., Vriend,H.J., van der Sande,M.A., Feltkamp,M.C., Boot,H.J., Koopmans,M.P.",2011,2016-04-25,dsDNA
ANA05502.1,major capsid L1 protein,Human papillomavirus type 16,Alphapapillomavirus 9,,SeqH2011049203,531,Netherlands,Homo sapiens,,"King,A.J., Sonsma,J.A., Vriend,H.J., van der Sande,M.A., Feltkamp,M.C., Boot,H.J., Koopmans,M.P.",2011,2016-04-25,dsDNA
ANA05503.1,major capsid L1 protein,Human papillomavirus type 16,Alphapapillomavirus 9,,SeqH2011049503,531,Netherlands,Homo sapiens,,"King,A.J., Sonsma,J.A., Vriend,H.J., van der Sande,M.A., Feltkamp,M.C., Boot,H.J., Koopmans,M.P.",2011,2016-04-25,dsDNA
ANA05504.1,major capsid L1 protein,Human papillomavirus type 16,Alphapapillomavirus 9,,SeqH2011049703,531,Netherlands,Homo sapiens,,"King,A.J., Sonsma,J.A., Vriend,H.J., van der Sande,M.A., Feltkamp,M.C., Boot,H.J., Koopmans,M.P.",2011,2016-04-25,dsDNA
ANA05505.1,major capsid L1 protein,Human papillomavirus type 16,Alphapapillomavirus 9,,SeqH2011051403,531,Netherlands,Homo sapiens,,"King,A.J., Sonsma,J.A., Vriend,H.J., van der Sande,M.A., Feltkamp,M.C., Boot,H.J., Koopmans,M.P.",2011,2016-04-25,dsDNA
ANA05506.1,major capsid L1 protein,Human papillomavirus type 16,Alphapapillomavirus 9,,SeqH2011052103,531,Netherlands,Homo sapiens,,"King,A.J., Sonsma,J.A., Vriend,H.J., van der Sande,M.A., Feltkamp,M.C., Boot,H.J., Koopmans,M.P.",2011,2016-04-25,dsDNA
ANA05507.1,major capsid L1 protein,Human papillomavirus type 16,Alphapapillomavirus 9,,SeqH2011055503,531,Netherlands,Homo sapiens,,"King,A.J., Sonsma,J.A., Vriend,H.J., van der Sande,M.A., Feltkamp,M.C., Boot,H.J., Koopmans,M.P.",2011,2016-04-25,dsDNA
ANA05508.1,major capsid L1 protein,Human papillomavirus type 16,Alphapapillomavirus 9,,SeqH2011056403,531,Netherlands,Homo sapiens,,"King,A.J., Sonsma,J.A., Vriend,H.J., van der Sande,M.A., Feltkamp,M.C., Boot,H.J., Koopmans,M.P.",2011,2016-04-25,dsDNA
ANA05509.1,major capsid L1 protein,Human papillomavirus type 16,Alphapapillomavirus 9,,SeqH2011057103,531,Netherlands,Homo sapiens,,"King,A.J., Sonsma,J.A., Vriend,H.J., van der Sande,M.A., Feltkamp,M.C., Boot,H.J., Koopmans,M.P.",2011,2016-04-25,dsDNA
ANA05510.1,major capsid L1 protein,Human papillomavirus type 16,Alphapapillomavirus 9,,SeqH2011059203,531,Netherlands,Homo sapiens,,"King,A.J., Sonsma,J.A., Vriend,H.J., van der Sande,M.A., Feltkamp,M.C., Boot,H.J., Koopmans,M.P.",2011,2016-04-25,dsDNA
ANA05511.1,major capsid L1 protein,Human papillomavirus type 16,Alphapapillomavirus 9,,SeqH2011060003,531,Netherlands,Homo sapiens,,"King,A.J., Sonsma,J.A., Vriend,H.J., van der Sande,M.A., Feltkamp,M.C., Boot,H.J., Koopmans,M.P.",2011,2016-04-25,dsDNA
ANA05512.1,major capsid L1 protein,Human papillomavirus type 16,Alphapapillomavirus 9,,SeqH2011061403,531,Netherlands,Homo sapiens,,"King,A.J., Sonsma,J.A., Vriend,H.J., van der Sande,M.A., Feltkamp,M.C., Boot,H.J., Koopmans,M.P.",2011,2016-04-25,dsDNA
ANA05513.1,major capsid L1 protein,Human papillomavirus type 16,Alphapapillomavirus 9,,SeqH2011061503,531,Netherlands,Homo sapiens,,"King,A.J., Sonsma,J.A., Vriend,H.J., van der Sande,M.A., Feltkamp,M.C., Boot,H.J., Koopmans,M.P.",2011,2016-04-25,dsDNA
ANA05514.1,major capsid L1 protein,Human papillomavirus type 16,Alphapapillomavirus 9,,SeqH2011061803,531,Netherlands,Homo sapiens,,"King,A.J., Sonsma,J.A., Vriend,H.J., van der Sande,M.A., Feltkamp,M.C., Boot,H.J., Koopmans,M.P.",2011,2016-04-25,dsDNA
ANA05515.1,major capsid L1 protein,Human papillomavirus type 16,Alphapapillomavirus 9,,SeqH2011067102,531,Netherlands,Homo sapiens,,"King,A.J., Sonsma,J.A., Vriend,H.J., van der Sande,M.A., Feltkamp,M.C., Boot,H.J., Koopmans,M.P.",2011,2016-04-25,dsDNA
ANA05516.1,major capsid L1 protein,Human papillomavirus type 16,Alphapapillomavirus 9,,SeqH2011067103,531,Netherlands,Homo sapiens,,"King,A.J., Sonsma,J.A., Vriend,H.J., van der Sande,M.A., Feltkamp,M.C., Boot,H.J., Koopmans,M.P.",2011,2016-04-25,dsDNA
ANA05517.1,major capsid L1 protein,Human papillomavirus type 16,Alphapapillomavirus 9,,SeqH2011067603,531,Netherlands,Homo sapiens,,"King,A.J., Sonsma,J.A., Vriend,H.J., van der Sande,M.A., Feltkamp,M.C., Boot,H.J., Koopmans,M.P.",2011,2016-04-25,dsDNA
ANA05518.1,major capsid L1 protein,Human papillomavirus type 16,Alphapapillomavirus 9,,SeqH2011067903,531,Netherlands,Homo sapiens,,"King,A.J., Sonsma,J.A., Vriend,H.J., van der Sande,M.A., Feltkamp,M.C., Boot,H.J., Koopmans,M.P.",2011,2016-04-25,dsDNA
ANA05519.1,major capsid L1 protein,Human papillomavirus type 16,Alphapapillomavirus 9,,SeqH2011069903,531,Netherlands,Homo sapiens,,"King,A.J., Sonsma,J.A., Vriend,H.J., van der Sande,M.A., Feltkamp,M.C., Boot,H.J., Koopmans,M.P.",2011,2016-04-25,dsDNA
ANA05520.1,major capsid L1 protein,Human papillomavirus type 16,Alphapapillomavirus 9,,SeqLLG1100141,531,Netherlands,Homo sapiens,,"King,A.J., Sonsma,J.A., Vriend,H.J., van der Sande,M.A., Feltkamp,M.C., Boot,H.J., Koopmans,M.P.",2011,2016-04-25,dsDNA
ANA05521.1,major capsid L1 protein,Human papillomavirus type 16,Alphapapillomavirus 9,,SeqLLH0900287,531,Netherlands,Homo sapiens,,"King,A.J., Sonsma,J.A., Vriend,H.J., van der Sande,M.A., Feltkamp,M.C., Boot,H.J., Koopmans,M.P.",2009,2016-04-25,dsDNA
ANA05522.1,major capsid L1 protein,Human papillomavirus type 16,Alphapapillomavirus 9,,SeqLLH0900333,531,Netherlands,Homo sapiens,,"King,A.J., Sonsma,J.A., Vriend,H.J., van der Sande,M.A., Feltkamp,M.C., Boot,H.J., Koopmans,M.P.",2009,2016-04-25,dsDNA
ANA05523.1,major capsid L1 protein,Human papillomavirus type 16,Alphapapillomavirus 9,,SeqLLH0900492,531,Netherlands,Homo sapiens,,"King,A.J., Sonsma,J.A., Vriend,H.J., van der Sande,M.A., Feltkamp,M.C., Boot,H.J., Koopmans,M.P.",2009,2016-04-25,dsDNA
ANA05524.1,major capsid L1 protein,Human papillomavirus type 16,Alphapapillomavirus 9,,SeqLLH1100331G,531,Netherlands,Homo sapiens,,"King,A.J., Sonsma,J.A., Vriend,H.J., van der Sande,M.A., Feltkamp,M.C., Boot,H.J., Koopmans,M.P.",2011,2016-04-25,dsDNA
ANA05525.1,major capsid L1 protein,Human papillomavirus type 16,Alphapapillomavirus 9,,SeqLLH1100422,531,Netherlands,Homo sapiens,,"King,A.J., Sonsma,J.A., Vriend,H.J., van der Sande,M.A., Feltkamp,M.C., Boot,H.J., Koopmans,M.P.",2011,2016-04-25,dsDNA
ANA05526.1,major capsid L1 protein,Human papillomavirus type 16,Alphapapillomavirus 9,,SeqLLH1100441,531,Netherlands,Homo sapiens,,"King,A.J., Sonsma,J.A., Vriend,H.J., van der Sande,M.A., Feltkamp,M.C., Boot,H.J., Koopmans,M.P.",2011,2016-04-25,dsDNA
ANA05527.1,major capsid L1 protein,Human papillomavirus type 16,Alphapapillomavirus 9,,SeqLLH1100445,531,Netherlands,Homo sapiens,,"King,A.J., Sonsma,J.A., Vriend,H.J., van der Sande,M.A., Feltkamp,M.C., Boot,H.J., Koopmans,M.P.",2011,2016-04-25,dsDNA
ANA05528.1,major capsid L1 protein,Human papillomavirus type 16,Alphapapillomavirus 9,,SeqLLL0900469,531,Netherlands,Homo sapiens,,"King,A.J., Sonsma,J.A., Vriend,H.J., van der Sande,M.A., Feltkamp,M.C., Boot,H.J., Koopmans,M.P.",2009,2016-04-25,dsDNA
ANA05529.1,major capsid L1 protein,Human papillomavirus type 16,Alphapapillomavirus 9,,SeqLLL0900471,531,Netherlands,Homo sapiens,,"King,A.J., Sonsma,J.A., Vriend,H.J., van der Sande,M.A., Feltkamp,M.C., Boot,H.J., Koopmans,M.P.",2009,2016-04-25,dsDNA
ANA05530.1,major capsid L1 protein,Human papillomavirus type 16,Alphapapillomavirus 9,,SeqLLL0900482,531,Netherlands,Homo sapiens,,"King,A.J., Sonsma,J.A., Vriend,H.J., van der Sande,M.A., Feltkamp,M.C., Boot,H.J., Koopmans,M.P.",2009,2016-04-25,dsDNA
ANA05531.1,major capsid L1 protein,Human papillomavirus type 16,Alphapapillomavirus 9,,SeqLLL1100164,531,Netherlands,Homo sapiens,,"King,A.J., Sonsma,J.A., Vriend,H.J., van der Sande,M.A., Feltkamp,M.C., Boot,H.J., Koopmans,M.P.",2011,2016-04-25,dsDNA
ANA05532.1,major capsid L1 protein,Human papillomavirus type 16,Alphapapillomavirus 9,,SeqLLL1100186,531,Netherlands,Homo sapiens,,"King,A.J., Sonsma,J.A., Vriend,H.J., van der Sande,M.A., Feltkamp,M.C., Boot,H.J., Koopmans,M.P.",2011,2016-04-25,dsDNA
ANA05533.1,major capsid L1 protein,Human papillomavirus type 16,Alphapapillomavirus 9,,SeqLLL1100340G,531,Netherlands,Homo sapiens,,"King,A.J., Sonsma,J.A., Vriend,H.J., van der Sande,M.A., Feltkamp,M.C., Boot,H.J., Koopmans,M.P.",2011,2016-04-25,dsDNA
ANA05534.1,major capsid L1 protein,Human papillomavirus type 16,Alphapapillomavirus 9,,SeqLLL1100429,531,Netherlands,Homo sapiens,,"King,A.J., Sonsma,J.A., Vriend,H.J., van der Sande,M.A., Feltkamp,M.C., Boot,H.J., Koopmans,M.P.",2011,2016-04-25,dsDNA
ANA05535.1,major capsid L1 protein,Human papillomavirus type 16,Alphapapillomavirus 9,,SeqLLL1100463,531,Netherlands,Homo sapiens,,"King,A.J., Sonsma,J.A., Vriend,H.J., van der Sande,M.A., Feltkamp,M.C., Boot,H.J., Koopmans,M.P.",2011,2016-04-25,dsDNA
ANA05536.1,major capsid L1 protein,Human papillomavirus type 16,Alphapapillomavirus 9,,SeqLLL1100481,531,Netherlands,Homo sapiens,,"King,A.J., Sonsma,J.A., Vriend,H.J., van der Sande,M.A., Feltkamp,M.C., Boot,H.J., Koopmans,M.P.",2011,2016-04-25,dsDNA
ANA05537.1,major capsid L1 protein,Human papillomavirus type 16,Alphapapillomavirus 9,,SeqLLL1100512,531,Netherlands,Homo sapiens,,"King,A.J., Sonsma,J.A., Vriend,H.J., van der Sande,M.A., Feltkamp,M.C., Boot,H.J., Koopmans,M.P.",2011,2016-04-25,dsDNA
ANA05538.1,major capsid L1 protein,Human papillomavirus type 16,Alphapapillomavirus 9,,SeqLLL1100519,531,Netherlands,Homo sapiens,,"King,A.J., Sonsma,J.A., Vriend,H.J., van der Sande,M.A., Feltkamp,M.C., Boot,H.J., Koopmans,M.P.",2011,2016-04-25,dsDNA
ANA05539.1,major capsid L1 protein,Human papillomavirus type 16,Alphapapillomavirus 9,,SeqNHG1100387A,531,Netherlands,Homo sapiens,,"King,A.J., Sonsma,J.A., Vriend,H.J., van der Sande,M.A., Feltkamp,M.C., Boot,H.J., Koopmans,M.P.",2011,2016-04-25,dsDNA
ANA05540.1,major capsid L1 protein,Human papillomavirus type 16,Alphapapillomavirus 9,,SeqNHG1100387V,531,Netherlands,Homo sapiens,,"King,A.J., Sonsma,J.A., Vriend,H.J., van der Sande,M.A., Feltkamp,M.C., Boot,H.J., Koopmans,M.P.",2011,2016-04-25,dsDNA
ANA05541.1,major capsid L1 protein,Human papillomavirus type 16,Alphapapillomavirus 9,,SeqNHG1100388V,531,Netherlands,Homo sapiens,,"King,A.J., Sonsma,J.A., Vriend,H.J., van der Sande,M.A., Feltkamp,M.C., Boot,H.J., Koopmans,M.P.",2011,2016-04-25,dsDNA
ANA05542.1,major capsid L1 protein,Human papillomavirus type 16,Alphapapillomavirus 9,,SeqNHG1100427V,531,Netherlands,Homo sapiens,,"King,A.J., Sonsma,J.A., Vriend,H.J., van der Sande,M.A., Feltkamp,M.C., Boot,H.J., Koopmans,M.P.",2011,2016-04-25,dsDNA
ANA05543.1,major capsid L1 protein,Human papillomavirus type 16,Alphapapillomavirus 9,,SeqNHG1100432V,531,Netherlands,Homo sapiens,,"King,A.J., Sonsma,J.A., Vriend,H.J., van der Sande,M.A., Feltkamp,M.C., Boot,H.J., Koopmans,M.P.",2011,2016-04-25,dsDNA
ANA05544.1,major capsid L1 protein,Human papillomavirus type 16,Alphapapillomavirus 9,,SeqNHG1100488,531,Netherlands,Homo sapiens,,"King,A.J., Sonsma,J.A., Vriend,H.J., van der Sande,M.A., Feltkamp,M.C., Boot,H.J., Koopmans,M.P.",2011,2016-04-25,dsDNA
ANA05545.1,major capsid L1 protein,Human papillomavirus type 16,Alphapapillomavirus 9,,SeqNHG1100517,531,Netherlands,Homo sapiens,,"King,A.J., Sonsma,J.A., Vriend,H.J., van der Sande,M.A., Feltkamp,M.C., Boot,H.J., Koopmans,M.P.",2011,2016-04-25,dsDNA
ANA05546.1,major capsid L1 protein,Human papillomavirus type 16,Alphapapillomavirus 9,,SeqNHG1100572V,531,Netherlands,Homo sapiens,,"King,A.J., Sonsma,J.A., Vriend,H.J., van der Sande,M.A., Feltkamp,M.C., Boot,H.J., Koopmans,M.P.",2011,2016-04-25,dsDNA
ANA05547.1,major capsid L1 protein,Human papillomavirus type 16,Alphapapillomavirus 9,,SeqNRT1100221,531,Netherlands,Homo sapiens,,"King,A.J., Sonsma,J.A., Vriend,H.J., van der Sande,M.A., Feltkamp,M.C., Boot,H.J., Koopmans,M.P.",2011,2016-04-25,dsDNA
ANA05548.1,major capsid L1 protein,Human papillomavirus type 16,Alphapapillomavirus 9,,SeqNRT1100222,531,Netherlands,Homo sapiens,,"King,A.J., Sonsma,J.A., Vriend,H.J., van der Sande,M.A., Feltkamp,M.C., Boot,H.J., Koopmans,M.P.",2011,2016-04-25,dsDNA
ANA05549.1,major capsid L1 protein,Human papillomavirus type 16,Alphapapillomavirus 9,,SeqNRT1100229,531,Netherlands,Homo sapiens,,"King,A.J., Sonsma,J.A., Vriend,H.J., van der Sande,M.A., Feltkamp,M.C., Boot,H.J., Koopmans,M.P.",2011,2016-04-25,dsDNA
ANA05550.1,major capsid L1 protein,Human papillomavirus type 16,Alphapapillomavirus 9,,SeqNYV1100216,531,Netherlands,Homo sapiens,,"King,A.J., Sonsma,J.A., Vriend,H.J., van der Sande,M.A., Feltkamp,M.C., Boot,H.J., Koopmans,M.P.",2011,2016-04-25,dsDNA
ANA05551.1,major capsid L1 protein,Human papillomavirus type 16,Alphapapillomavirus 9,,SeqNYV1100243,531,Netherlands,Homo sapiens,,"King,A.J., Sonsma,J.A., Vriend,H.J., van der Sande,M.A., Feltkamp,M.C., Boot,H.J., Koopmans,M.P.",2011,2016-04-25,dsDNA
ANA05552.1,major capsid L1 protein,Human papillomavirus type 16,Alphapapillomavirus 9,,SeqRD-4509,530,Netherlands,Homo sapiens,,"King,A.J., Sonsma,J.A., Vriend,H.J., van der Sande,M.A., Feltkamp,M.C., Boot,H.J., Koopmans,M.P.",2011,2016-04-25,dsDNA
ANA05553.1,major capsid L1 protein,Human papillomavirus type 16,Alphapapillomavirus 9,,SeqRD-4512,531,Netherlands,Homo sapiens,,"King,A.J., Sonsma,J.A., Vriend,H.J., van der Sande,M.A., Feltkamp,M.C., Boot,H.J., Koopmans,M.P.",2011,2016-04-25,dsDNA
ANA05554.1,major capsid L1 protein,Human papillomavirus type 16,Alphapapillomavirus 9,,SeqRD-4557,531,Netherlands,Homo sapiens,,"King,A.J., Sonsma,J.A., Vriend,H.J., van der Sande,M.A., Feltkamp,M.C., Boot,H.J., Koopmans,M.P.",2011,2016-04-25,dsDNA
ANA05555.1,major capsid L1 protein,Human papillomavirus type 16,Alphapapillomavirus 9,,SeqRD-4568,531,Netherlands,Homo sapiens,,"King,A.J., Sonsma,J.A., Vriend,H.J., van der Sande,M.A., Feltkamp,M.C., Boot,H.J., Koopmans,M.P.",2011,2016-04-25,dsDNA
ANA05556.1,major capsid L1 protein,Human papillomavirus type 16,Alphapapillomavirus 9,,SeqRD-4596,531,Netherlands,Homo sapiens,,"King,A.J., Sonsma,J.A., Vriend,H.J., van der Sande,M.A., Feltkamp,M.C., Boot,H.J., Koopmans,M.P.",2011,2016-04-25,dsDNA
ANA05557.1,major capsid L1 protein,Human papillomavirus type 16,Alphapapillomavirus 9,,SeqRD-4613,531,Netherlands,Homo sapiens,,"King,A.J., Sonsma,J.A., Vriend,H.J., van der Sande,M.A., Feltkamp,M.C., Boot,H.J., Koopmans,M.P.",2011,2016-04-25,dsDNA
ANA05558.1,major capsid L1 protein,Human papillomavirus type 16,Alphapapillomavirus 9,,SeqRD-4626,531,Netherlands,Homo sapiens,,"King,A.J., Sonsma,J.A., Vriend,H.J., van der Sande,M.A., Feltkamp,M.C., Boot,H.J., Koopmans,M.P.",2011,2016-04-25,dsDNA
ANA05559.1,major capsid L1 protein,Human papillomavirus type 16,Alphapapillomavirus 9,,SeqRD-4635,531,Netherlands,Homo sapiens,,"King,A.J., Sonsma,J.A., Vriend,H.J., van der Sande,M.A., Feltkamp,M.C., Boot,H.J., Koopmans,M.P.",2011,2016-04-25,dsDNA
ANA05560.1,major capsid L1 protein,Human papillomavirus type 16,Alphapapillomavirus 9,,SeqRD-4654,531,Netherlands,Homo sapiens,,"King,A.J., Sonsma,J.A., Vriend,H.J., van der Sande,M.A., Feltkamp,M.C., Boot,H.J., Koopmans,M.P.",2011,2016-04-25,dsDNA
ANA05561.1,major capsid L1 protein,Human papillomavirus type 16,Alphapapillomavirus 9,,SeqRD-4724,531,Netherlands,Homo sapiens,,"King,A.J., Sonsma,J.A., Vriend,H.J., van der Sande,M.A., Feltkamp,M.C., Boot,H.J., Koopmans,M.P.",2011,2016-04-25,dsDNA
ANA05562.1,major capsid L1 protein,Human papillomavirus type 16,Alphapapillomavirus 9,,SeqRD-4728,531,Netherlands,Homo sapiens,,"King,A.J., Sonsma,J.A., Vriend,H.J., van der Sande,M.A., Feltkamp,M.C., Boot,H.J., Koopmans,M.P.",2011,2016-04-25,dsDNA
ANA05563.1,major capsid L1 protein,Human papillomavirus type 16,Alphapapillomavirus 9,,SeqRD-4738,531,Netherlands,Homo sapiens,,"King,A.J., Sonsma,J.A., Vriend,H.J., van der Sande,M.A., Feltkamp,M.C., Boot,H.J., Koopmans,M.P.",2011,2016-04-25,dsDNA
ANA05564.1,major capsid L1 protein,Human papillomavirus type 16,Alphapapillomavirus 9,,SeqRD-4745,531,Netherlands,Homo sapiens,,"King,A.J., Sonsma,J.A., Vriend,H.J., van der Sande,M.A., Feltkamp,M.C., Boot,H.J., Koopmans,M.P.",2011,2016-04-25,dsDNA
ANA05565.1,major capsid L1 protein,Human papillomavirus type 16,Alphapapillomavirus 9,,SeqRD-4808,531,Netherlands,Homo sapiens,,"King,A.J., Sonsma,J.A., Vriend,H.J., van der Sande,M.A., Feltkamp,M.C., Boot,H.J., Koopmans,M.P.",2011,2016-04-25,dsDNA
ANA05566.1,major capsid L1 protein,Human papillomavirus type 16,Alphapapillomavirus 9,,SeqRD-4826,531,Netherlands,Homo sapiens,,"King,A.J., Sonsma,J.A., Vriend,H.J., van der Sande,M.A., Feltkamp,M.C., Boot,H.J., Koopmans,M.P.",2011,2016-04-25,dsDNA
ANA05567.1,major capsid L1 protein,Human papillomavirus type 16,Alphapapillomavirus 9,,SeqRD-4852,531,Netherlands,Homo sapiens,,"King,A.J., Sonsma,J.A., Vriend,H.J., van der Sande,M.A., Feltkamp,M.C., Boot,H.J., Koopmans,M.P.",2011,2016-04-25,dsDNA
ANA05568.1,major capsid L1 protein,Human papillomavirus type 16,Alphapapillomavirus 9,,SeqRD-4859,531,Netherlands,Homo sapiens,,"King,A.J., Sonsma,J.A., Vriend,H.J., van der Sande,M.A., Feltkamp,M.C., Boot,H.J., Koopmans,M.P.",2011,2016-04-25,dsDNA
ANA05569.1,major capsid L1 protein,Human papillomavirus type 16,Alphapapillomavirus 9,,SeqRD-4867,531,Netherlands,Homo sapiens,,"King,A.J., Sonsma,J.A., Vriend,H.J., van der Sande,M.A., Feltkamp,M.C., Boot,H.J., Koopmans,M.P.",2011,2016-04-25,dsDNA
ANA05570.1,major capsid L1 protein,Human papillomavirus type 16,Alphapapillomavirus 9,,SeqRD-4885,531,Netherlands,Homo sapiens,,"King,A.J., Sonsma,J.A., Vriend,H.J., van der Sande,M.A., Feltkamp,M.C., Boot,H.J., Koopmans,M.P.",2011,2016-04-25,dsDNA
ANA05571.1,major capsid L1 protein,Human papillomavirus type 16,Alphapapillomavirus 9,,SeqTB-376V,531,Netherlands,Homo sapiens,,"King,A.J., Sonsma,J.A., Vriend,H.J., van der Sande,M.A., Feltkamp,M.C., Boot,H.J., Koopmans,M.P.",2011,2016-04-25,dsDNA
ANA05572.1,major capsid L1 protein,Human papillomavirus type 16,Alphapapillomavirus 9,,SeqTB-402U,531,Netherlands,Homo sapiens,,"King,A.J., Sonsma,J.A., Vriend,H.J., van der Sande,M.A., Feltkamp,M.C., Boot,H.J., Koopmans,M.P.",2011,2016-04-25,dsDNA
ANA05573.1,major capsid L1 protein,Human papillomavirus type 16,Alphapapillomavirus 9,,SeqTB-512C,531,Netherlands,Homo sapiens,,"King,A.J., Sonsma,J.A., Vriend,H.J., van der Sande,M.A., Feltkamp,M.C., Boot,H.J., Koopmans,M.P.",2011,2016-04-25,dsDNA
ANA05574.1,major capsid L1 protein,Human papillomavirus type 16,Alphapapillomavirus 9,,SeqTB-518A,531,Netherlands,Homo sapiens,,"King,A.J., Sonsma,J.A., Vriend,H.J., van der Sande,M.A., Feltkamp,M.C., Boot,H.J., Koopmans,M.P.",2011,2016-04-25,dsDNA
ANA05575.1,major capsid L1 protein,Human papillomavirus type 16,Alphapapillomavirus 9,,SeqTB-583V,531,Netherlands,Homo sapiens,,"King,A.J., Sonsma,J.A., Vriend,H.J., van der Sande,M.A., Feltkamp,M.C., Boot,H.J., Koopmans,M.P.",2011,2016-04-25,dsDNA
ANA05576.1,major capsid L1 protein,Human papillomavirus type 16,Alphapapillomavirus 9,,SeqTB-616V,531,Netherlands,Homo sapiens,,"King,A.J., Sonsma,J.A., Vriend,H.J., van der Sande,M.A., Feltkamp,M.C., Boot,H.J., Koopmans,M.P.",2011,2016-04-25,dsDNA
ANA05577.1,major capsid L1 protein,Human papillomavirus type 16,Alphapapillomavirus 9,,SeqTB-685,531,Netherlands,Homo sapiens,,"King,A.J., Sonsma,J.A., Vriend,H.J., van der Sande,M.A., Feltkamp,M.C., Boot,H.J., Koopmans,M.P.",2011,2016-04-25,dsDNA
ANA05578.1,major capsid L1 protein,Human papillomavirus type 16,Alphapapillomavirus 9,,SeqTB-707V,531,Netherlands,Homo sapiens,,"King,A.J., Sonsma,J.A., Vriend,H.J., van der Sande,M.A., Feltkamp,M.C., Boot,H.J., Koopmans,M.P.",2011,2016-04-25,dsDNA
ANA05579.1,major capsid L1 protein,Human papillomavirus type 16,Alphapapillomavirus 9,,SeqTB-767V,531,Netherlands,Homo sapiens,,"King,A.J., Sonsma,J.A., Vriend,H.J., van der Sande,M.A., Feltkamp,M.C., Boot,H.J., Koopmans,M.P.",2011,2016-04-25,dsDNA
ANA05580.1,major capsid L1 protein,Human papillomavirus type 16,Alphapapillomavirus 9,,SeqTB-778C,531,Netherlands,Homo sapiens,,"King,A.J., Sonsma,J.A., Vriend,H.J., van der Sande,M.A., Feltkamp,M.C., Boot,H.J., Koopmans,M.P.",2011,2016-04-25,dsDNA
ANA05581.1,major capsid L1 protein,Human papillomavirus type 16,Alphapapillomavirus 9,,SeqTB-793V,531,Netherlands,Homo sapiens,,"King,A.J., Sonsma,J.A., Vriend,H.J., van der Sande,M.A., Feltkamp,M.C., Boot,H.J., Koopmans,M.P.",2011,2016-04-25,dsDNA
ANA05582.1,major capsid L1 protein,Human papillomavirus type 16,Alphapapillomavirus 9,,SeqUT-004581,531,Netherlands,Homo sapiens,,"King,A.J., Sonsma,J.A., Vriend,H.J., van der Sande,M.A., Feltkamp,M.C., Boot,H.J., Koopmans,M.P.",2011,2016-04-25,dsDNA
ANA05583.1,major capsid L1 protein,Human papillomavirus type 16,Alphapapillomavirus 9,,SeqUT-004626,531,Netherlands,Homo sapiens,,"King,A.J., Sonsma,J.A., Vriend,H.J., van der Sande,M.A., Feltkamp,M.C., Boot,H.J., Koopmans,M.P.",2011,2016-04-25,dsDNA
ANA05584.1,major capsid L1 protein,Human papillomavirus type 16,Alphapapillomavirus 9,,SeqUT-004723,531,Netherlands,Homo sapiens,,"King,A.J., Sonsma,J.A., Vriend,H.J., van der Sande,M.A., Feltkamp,M.C., Boot,H.J., Koopmans,M.P.",2011,2016-04-25,dsDNA
ANA05585.1,major capsid L1 protein,Human papillomavirus type 16,Alphapapillomavirus 9,,SeqUT-005146,531,Netherlands,Homo sapiens,,"King,A.J., Sonsma,J.A., Vriend,H.J., van der Sande,M.A., Feltkamp,M.C., Boot,H.J., Koopmans,M.P.",2011,2016-04-25,dsDNA
ANA05586.1,major capsid L1 protein,Human papillomavirus type 16,Alphapapillomavirus 9,,SeqUT-005774,531,Netherlands,Homo sapiens,,"King,A.J., Sonsma,J.A., Vriend,H.J., van der Sande,M.A., Feltkamp,M.C., Boot,H.J., Koopmans,M.P.",2011,2016-04-25,dsDNA
ANA05587.1,major capsid L1 protein,Human papillomavirus type 16,Alphapapillomavirus 9,,SeqUT-005866,531,Netherlands,Homo sapiens,,"King,A.J., Sonsma,J.A., Vriend,H.J., van der Sande,M.A., Feltkamp,M.C., Boot,H.J., Koopmans,M.P.",2011,2016-04-25,dsDNA
ANA05588.1,major capsid L1 protein,Human papillomavirus type 16,Alphapapillomavirus 9,,SeqUT-006483,531,Netherlands,Homo sapiens,,"King,A.J., Sonsma,J.A., Vriend,H.J., van der Sande,M.A., Feltkamp,M.C., Boot,H.J., Koopmans,M.P.",2011,2016-04-25,dsDNA
ANA05589.1,major capsid L1 protein,Human papillomavirus type 16,Alphapapillomavirus 9,,SeqUT-007107,531,Netherlands,Homo sapiens,,"King,A.J., Sonsma,J.A., Vriend,H.J., van der Sande,M.A., Feltkamp,M.C., Boot,H.J., Koopmans,M.P.",2011,2016-04-25,dsDNA
ANA05590.1,major capsid L1 protein,Human papillomavirus type 16,Alphapapillomavirus 9,,SeqUT-008685,531,Netherlands,Homo sapiens,,"King,A.J., Sonsma,J.A., Vriend,H.J., van der Sande,M.A., Feltkamp,M.C., Boot,H.J., Koopmans,M.P.",2011,2016-04-25,dsDNA
ANA05591.1,major capsid L1 protein,Human papillomavirus type 16,Alphapapillomavirus 9,,SeqUT-009121,531,Netherlands,Homo sapiens,,"King,A.J., Sonsma,J.A., Vriend,H.J., van der Sande,M.A., Feltkamp,M.C., Boot,H.J., Koopmans,M.P.",2011,2016-04-25,dsDNA
ANA05592.1,major capsid L1 protein,Human papillomavirus type 16,Alphapapillomavirus 9,,SeqUT-009160,531,Netherlands,Homo sapiens,,"King,A.J., Sonsma,J.A., Vriend,H.J., van der Sande,M.A., Feltkamp,M.C., Boot,H.J., Koopmans,M.P.",2011,2016-04-25,dsDNA
ANA05593.1,major capsid L1 protein,Human papillomavirus type 16,Alphapapillomavirus 9,,SeqUT-009813,531,Netherlands,Homo sapiens,,"King,A.J., Sonsma,J.A., Vriend,H.J., van der Sande,M.A., Feltkamp,M.C., Boot,H.J., Koopmans,M.P.",2011,2016-04-25,dsDNA
ANA05594.1,major capsid L1 protein,Human papillomavirus type 16,Alphapapillomavirus 9,,SeqUT-009872,531,Netherlands,Homo sapiens,,"King,A.J., Sonsma,J.A., Vriend,H.J., van der Sande,M.A., Feltkamp,M.C., Boot,H.J., Koopmans,M.P.",2011,2016-04-25,dsDNA
ANA05595.1,major capsid L1 protein,Human papillomavirus type 16,Alphapapillomavirus 9,,SeqUT-009957,531,Netherlands,Homo sapiens,,"King,A.J., Sonsma,J.A., Vriend,H.J., van der Sande,M.A., Feltkamp,M.C., Boot,H.J., Koopmans,M.P.",2011,2016-04-25,dsDNA
ANA05596.1,major capsid L1 protein,Human papillomavirus type 16,Alphapapillomavirus 9,,SeqUT-010476,531,Netherlands,Homo sapiens,,"King,A.J., Sonsma,J.A., Vriend,H.J., van der Sande,M.A., Feltkamp,M.C., Boot,H.J., Koopmans,M.P.",2011,2016-04-25,dsDNA
ANA05597.1,major capsid L1 protein,Human papillomavirus type 16,Alphapapillomavirus 9,,SeqUT-010611,531,Netherlands,Homo sapiens,,"King,A.J., Sonsma,J.A., Vriend,H.J., van der Sande,M.A., Feltkamp,M.C., Boot,H.J., Koopmans,M.P.",2011,2016-04-25,dsDNA
ANA05598.1,major capsid L1 protein,Human papillomavirus type 16,Alphapapillomavirus 9,,SeqUT-010918,531,Netherlands,Homo sapiens,,"King,A.J., Sonsma,J.A., Vriend,H.J., van der Sande,M.A., Feltkamp,M.C., Boot,H.J., Koopmans,M.P.",2011,2016-04-25,dsDNA
ANA05599.1,major capsid L1 protein,Human papillomavirus type 16,Alphapapillomavirus 9,,SeqUT-011108,531,Netherlands,Homo sapiens,,"King,A.J., Sonsma,J.A., Vriend,H.J., van der Sande,M.A., Feltkamp,M.C., Boot,H.J., Koopmans,M.P.",2011,2016-04-25,dsDNA
ANA05600.1,major capsid L1 protein,Human papillomavirus type 16,Alphapapillomavirus 9,,SeqUT-011371,531,Netherlands,Homo sapiens,,"King,A.J., Sonsma,J.A., Vriend,H.J., van der Sande,M.A., Feltkamp,M.C., Boot,H.J., Koopmans,M.P.",2011,2016-04-25,dsDNA
ANA05601.1,major capsid L1 protein,Human papillomavirus type 16,Alphapapillomavirus 9,,SeqUT-012202,531,Netherlands,Homo sapiens,,"King,A.J., Sonsma,J.A., Vriend,H.J., van der Sande,M.A., Feltkamp,M.C., Boot,H.J., Koopmans,M.P.",2011,2016-04-25,dsDNA
ANA05602.1,major capsid L1 protein,Human papillomavirus type 16,Alphapapillomavirus 9,,SeqUT-037003,531,Netherlands,Homo sapiens,,"King,A.J., Sonsma,J.A., Vriend,H.J., van der Sande,M.A., Feltkamp,M.C., Boot,H.J., Koopmans,M.P.",2011,2016-04-25,dsDNA
ANA05603.1,major capsid L1 protein,Human papillomavirus type 16,Alphapapillomavirus 9,,SeqUT-059303,531,Netherlands,Homo sapiens,,"King,A.J., Sonsma,J.A., Vriend,H.J., van der Sande,M.A., Feltkamp,M.C., Boot,H.J., Koopmans,M.P.",2011,2016-04-25,dsDNA
ALT54594.1,L1,Human papillomavirus type 16,Alphapapillomavirus 9,,32A.16,505,Brazil,Homo sapiens,cervix,"Siqueira,J.D., Alves,B.M., Prellwitz,I.M., Furtado,C., Meyrelles,A.R., Machado,E.S., Seuanez,H.N., Soares,M.A., Soares,E.A., Delwart,E.L.",,2016-04-14,dsDNA
ALT54602.1,L1,Human papillomavirus type 16,Alphapapillomavirus 9,,32B.16,505,Brazil,Homo sapiens,cervix,"Siqueira,J.D., Alves,B.M., Prellwitz,I.M., Furtado,C., Meyrelles,A.R., Machado,E.S., Seuanez,H.N., Soares,M.A., Soares,E.A., Delwart,E.L.",,2016-04-14,dsDNA
ALT54610.1,L1,Human papillomavirus type 16,Alphapapillomavirus 9,,36A.16,505,Brazil,Homo sapiens,cervix,"Siqueira,J.D., Alves,B.M., Prellwitz,I.M., Furtado,C., Meyrelles,A.R., Machado,E.S., Seuanez,H.N., Soares,M.A., Soares,E.A., Delwart,E.L.",,2016-04-14,dsDNA
ALT54618.1,L1,Human papillomavirus type 16,Alphapapillomavirus 9,,87B.16,505,Brazil,Homo sapiens,cervix,"Siqueira,J.D., Alves,B.M., Prellwitz,I.M., Furtado,C., Meyrelles,A.R., Machado,E.S., Seuanez,H.N., Soares,M.A., Soares,E.A., Delwart,E.L.",,2016-04-14,dsDNA
ALT54626.1,L1,Human papillomavirus type 16,Alphapapillomavirus 9,,103A.16,505,Brazil,Homo sapiens,cervix,"Siqueira,J.D., Alves,B.M., Prellwitz,I.M., Furtado,C., Meyrelles,A.R., Machado,E.S., Seuanez,H.N., Soares,M.A., Soares,E.A., Delwart,E.L.",,2016-04-14,dsDNA
ALT54634.1,L1,Human papillomavirus type 16,Alphapapillomavirus 9,,118B.16,505,Brazil,Homo sapiens,cervix,"Siqueira,J.D., Alves,B.M., Prellwitz,I.M., Furtado,C., Meyrelles,A.R., Machado,E.S., Seuanez,H.N., Soares,M.A., Soares,E.A., Delwart,E.L.",,2016-04-14,dsDNA
ALB35322.1,L1,Human papillomavirus type 16,Alphapapillomavirus 9,HPV16,534_consensus,531,Brazil,Homo sapiens,,"Oliveira,C., Bravo,I., Genta,M.L., Fregnani,J.H., Tacla,M., Carvalho,J., Longatto-Filho,A., Levi,J.E.",,2016-03-31,dsDNA
ALB35329.1,L1,Human papillomavirus type 16,Alphapapillomavirus 9,HPV16,400_consensus,531,Brazil,Homo sapiens,,"Oliveira,C., Bravo,I., Genta,M.L., Fregnani,J.H., Tacla,M., Carvalho,J., Longatto-Filho,A., Levi,J.E.",,2016-03-31,dsDNA
ALB35336.1,L1,Human papillomavirus type 16,Alphapapillomavirus 9,HPV16,573_consensus,531,Brazil,Homo sapiens,,"Oliveira,C., Bravo,I., Genta,M.L., Fregnani,J.H., Tacla,M., Carvalho,J., Longatto-Filho,A., Levi,J.E.",,2016-03-31,dsDNA
AMS04003.1,L1,Human papillomavirus type 16,Alphapapillomavirus 9,,IND-T488,531,India,Homo sapiens,cervix,"Mandal,P., Bhattacharjee,B., Sen,S., Bhattacharya,A., Roy Chowdhury,R., Mondal,N.R., Sengupta,S., Chakravarty,B., Chatterjee,T., Roy,S.",2011,2016-03-30,dsDNA
AMS04019.1,L1,Human papillomavirus type 16,Alphapapillomavirus 9,,IND-T395,531,India,Homo sapiens,cervix,"Mandal,P., Bhattacharjee,B., Sen,S., Bhattacharya,A., Roy Chowdhury,R., Mondal,N.R., Sengupta,S., Chakravarty,B., Chatterjee,T., Roy,S.",2010,2016-03-30,dsDNA
AMS04026.1,L1,Human papillomavirus type 16,Alphapapillomavirus 9,,IND-T121,531,India,Homo sapiens,cervix,"Mandal,P., Bhattacharjee,B., Sen,S., Bhattacharya,A., Roy Chowdhury,R., Mondal,N.R., Sengupta,S., Chakravarty,B., Chatterjee,T., Roy,S.",2004,2016-03-30,dsDNA
AMS04035.1,L1,Human papillomavirus type 16,Alphapapillomavirus 9,,IND-CMCP14,531,India,Homo sapiens,,"Mandal,P., Bhattacharjee,B., Sen,S., Bhattacharya,A., Roy Chowdhury,R., Mondal,N.R., Sengupta,S., Chakravarty,B., Chatterjee,T., Roy,S.",2009-11-21,2016-03-30,dsDNA
AMS04043.1,L1,Human papillomavirus type 16,Alphapapillomavirus 9,,IND-T315,531,India,Homo sapiens,cervix,"Mandal,P., Bhattacharjee,B., Sen,S., Bhattacharya,A., Roy Chowdhury,R., Mondal,N.R., Sengupta,S., Chakravarty,B., Chatterjee,T., Roy,S.",2009,2016-03-30,dsDNA
AMS04051.1,L1,Human papillomavirus type 16,Alphapapillomavirus 9,,IND-T338,505,India,Homo sapiens,cervix,"Mandal,P., Bhattacharjee,B., Sen,S., Bhattacharya,A., Roy Chowdhury,R., Mondal,N.R., Sengupta,S., Chakravarty,B., Chatterjee,T., Roy,S.",2009,2016-03-30,dsDNA
AMN09984.1,major capsid protein L1,Human papillomavirus type 16,Alphapapillomavirus 9,,15,531,China,Homo sapiens,,"Wang,L., Du,J., Wang,P., Wang,Y.",2014-11-28,2016-03-07,dsDNA
AMN09985.1,major capsid protein L1,Human papillomavirus type 16,Alphapapillomavirus 9,,9,531,China,Homo sapiens,,"Wang,L., Du,J., Wang,P., Wang,Y.",2014-11-13,2016-03-07,dsDNA
AMN09986.1,major capsid protein L1,Human papillomavirus type 16,Alphapapillomavirus 9,,15371,531,China,Homo sapiens,,"Wang,L., Du,J., Wang,P., Wang,Y.",2014-12-22,2016-03-07,dsDNA
AML83910.1,L1,Human papillomavirus type 16,Alphapapillomavirus 9,,IND-T119,531,India,Homo sapiens,cervix,"Mandal,P., Bhattacharjee,B., Sen,S., Bhattacharya,A., Roy Chowdhury,R., Mondal,N.R., Sengupta,S., Chakravarty,B., Chatterjee,T., Roy,S.",2004,2016-03-02,dsDNA
ALB35236.1,L1,Human papillomavirus type 16,Alphapapillomavirus 9,A1,CNA15,531,Brazil,Homo sapiens,,"Oliveira,C.M., Bravo,I.G., Souza,N.C., Genta,M.L., Fregnani,J.H., Tacla,M., Carvalho,J.P., Longatto-Filho,A., Levi,J.E., Oliveira,C., Bravo,I., Carvalho,J.",2010-02-10,2015-09-08,dsDNA
ALB35244.1,L1,Human papillomavirus type 16,Alphapapillomavirus 9,A1,CNA20,531,Brazil,Homo sapiens,,"Oliveira,C.M., Bravo,I.G., Souza,N.C., Genta,M.L., Fregnani,J.H., Tacla,M., Carvalho,J.P., Longatto-Filho,A., Levi,J.E., Oliveira,C., Bravo,I., Carvalho,J.",2010-03-03,2015-09-08,dsDNA
ALB35252.1,L1,Human papillomavirus type 16,Alphapapillomavirus 9,A1,CNA33,531,Brazil,Homo sapiens,,"Oliveira,C.M., Bravo,I.G., Souza,N.C., Genta,M.L., Fregnani,J.H., Tacla,M., Carvalho,J.P., Longatto-Filho,A., Levi,J.E., Oliveira,C., Bravo,I., Carvalho,J.",2010-05-12,2015-09-08,dsDNA
ALB35260.1,L1,Human papillomavirus type 16,Alphapapillomavirus 9,A1,CNA34,531,Brazil,Homo sapiens,,"Oliveira,C.M., Bravo,I.G., Souza,N.C., Genta,M.L., Fregnani,J.H., Tacla,M., Carvalho,J.P., Longatto-Filho,A., Levi,J.E., Oliveira,C., Bravo,I., Carvalho,J.",2010-05-18,2015-09-08,dsDNA
ALB35268.1,L1,Human papillomavirus type 16,Alphapapillomavirus 9,D3,CNA55,531,Brazil,Homo sapiens,,"Oliveira,C.M., Bravo,I.G., Souza,N.C., Genta,M.L., Fregnani,J.H., Tacla,M., Carvalho,J.P., Longatto-Filho,A., Levi,J.E., Oliveira,C., Bravo,I., Carvalho,J.",2010-11-24,2015-09-08,dsDNA
ALB35275.1,L1,Human papillomavirus type 16,Alphapapillomavirus 9,A2,CNA131,531,Brazil,Homo sapiens,,"Oliveira,C.M., Bravo,I.G., Souza,N.C., Genta,M.L., Fregnani,J.H., Tacla,M., Carvalho,J.P., Longatto-Filho,A., Levi,J.E., Oliveira,C., Bravo,I., Carvalho,J.",2011-07-04,2015-09-08,dsDNA
ALB35284.1,L1,Human papillomavirus type 16,Alphapapillomavirus 9,D3,CNA137,531,Brazil,Homo sapiens,,"Oliveira,C.M., Bravo,I.G., Souza,N.C., Genta,M.L., Fregnani,J.H., Tacla,M., Carvalho,J.P., Longatto-Filho,A., Levi,J.E., Oliveira,C., Bravo,I., Carvalho,J.",2011-08-11,2015-09-08,dsDNA
ALB35292.1,L1,Human papillomavirus type 16,Alphapapillomavirus 9,A1,CNA138,531,Brazil,Homo sapiens,,"Oliveira,C.M., Bravo,I.G., Souza,N.C., Genta,M.L., Fregnani,J.H., Tacla,M., Carvalho,J.P., Longatto-Filho,A., Levi,J.E., Oliveira,C., Bravo,I., Carvalho,J.",2011-08-11,2015-09-08,dsDNA
ALB35300.1,L1,Human papillomavirus type 16,Alphapapillomavirus 9,D3,CNA173,531,Brazil,Homo sapiens,,"Oliveira,C.M., Bravo,I.G., Souza,N.C., Genta,M.L., Fregnani,J.H., Tacla,M., Carvalho,J.P., Longatto-Filho,A., Levi,J.E., Oliveira,C., Bravo,I., Carvalho,J.",2011-11-07,2015-09-08,dsDNA
ALB35307.1,L1,Human papillomavirus type 16,Alphapapillomavirus 9,D3,CNA188,531,Brazil,Homo sapiens,,"Oliveira,C.M., Bravo,I.G., Souza,N.C., Genta,M.L., Fregnani,J.H., Tacla,M., Carvalho,J.P., Longatto-Filho,A., Levi,J.E., Oliveira,C., Bravo,I., Carvalho,J.",2011-12-01,2015-09-08,dsDNA
ALB35315.1,L1,Human papillomavirus type 16,Alphapapillomavirus 9,HPV16,NBM19_consensus,531,Brazil,Homo sapiens,,"Oliveira,C.M., Bravo,I.G., Souza,N.C., Genta,M.L., Fregnani,J.H., Tacla,M., Carvalho,J.P., Longatto-Filho,A., Levi,J.E., Oliveira,C., Bravo,I., Carvalho,J.",,2015-09-08,dsDNA
AJW82190.1,L1 protein,Human papillomavirus type 16,Alphapapillomavirus 9,,IR-33,505,Iran,Homo sapiens,,"Salehi-Vaziri,M., Sadeghi,F., Hashemi,F.S., Haeri,H., Bokharaei-Salim,F., Younesi,S., Monavari,S.H., Keyvani,H.",2013-01-14,2015-03-25,dsDNA
AJW82191.1,L1 protein,Human papillomavirus type 16,Alphapapillomavirus 9,,IR-34,505,Iran,Homo sapiens,,"Salehi-Vaziri,M., Sadeghi,F., Hashemi,F.S., Haeri,H., Bokharaei-Salim,F., Younesi,S., Monavari,S.H., Keyvani,H.",2013-01-14,2015-03-25,dsDNA
AJW82192.1,L1 protein,Human papillomavirus type 16,Alphapapillomavirus 9,,IR-35,505,Iran,Homo sapiens,,"Salehi-Vaziri,M., Sadeghi,F., Hashemi,F.S., Haeri,H., Bokharaei-Salim,F., Younesi,S., Monavari,S.H., Keyvani,H.",2013-01-14,2015-03-25,dsDNA
AJW82193.1,L1 protein,Human papillomavirus type 16,Alphapapillomavirus 9,,IR-36,505,Iran,Homo sapiens,,"Salehi-Vaziri,M., Sadeghi,F., Hashemi,F.S., Haeri,H., Bokharaei-Salim,F., Younesi,S., Monavari,S.H., Keyvani,H.",2013-01-14,2015-03-25,dsDNA
AJW82194.1,L1 protein,Human papillomavirus type 16,Alphapapillomavirus 9,,IR-37,505,Iran,Homo sapiens,,"Salehi-Vaziri,M., Sadeghi,F., Hashemi,F.S., Haeri,H., Bokharaei-Salim,F., Younesi,S., Monavari,S.H., Keyvani,H.",2013-01-14,2015-03-25,dsDNA
AJW82195.1,L1 protein,Human papillomavirus type 16,Alphapapillomavirus 9,,IR-38,505,Iran,Homo sapiens,,"Salehi-Vaziri,M., Sadeghi,F., Hashemi,F.S., Haeri,H., Bokharaei-Salim,F., Younesi,S., Monavari,S.H., Keyvani,H.",2013-01-14,2015-03-25,dsDNA
AJW82196.1,L1 protein,Human papillomavirus type 16,Alphapapillomavirus 9,,IR-39,505,Iran,Homo sapiens,,"Salehi-Vaziri,M., Sadeghi,F., Hashemi,F.S., Haeri,H., Bokharaei-Salim,F., Younesi,S., Monavari,S.H., Keyvani,H.",2013-01-14,2015-03-25,dsDNA
AJW82197.1,L1 protein,Human papillomavirus type 16,Alphapapillomavirus 9,,IR-40,505,Iran,Homo sapiens,,"Salehi-Vaziri,M., Sadeghi,F., Hashemi,F.S., Haeri,H., Bokharaei-Salim,F., Younesi,S., Monavari,S.H., Keyvani,H.",2013-01-14,2015-03-25,dsDNA
AJW82198.1,L1 protein,Human papillomavirus type 16,Alphapapillomavirus 9,,IR-41,505,Iran,Homo sapiens,,"Salehi-Vaziri,M., Sadeghi,F., Hashemi,F.S., Haeri,H., Bokharaei-Salim,F., Younesi,S., Monavari,S.H., Keyvani,H.",2013-01-14,2015-03-25,dsDNA
AJW82199.1,L1 protein,Human papillomavirus type 16,Alphapapillomavirus 9,,IR-42,505,Iran,Homo sapiens,,"Salehi-Vaziri,M., Sadeghi,F., Hashemi,F.S., Haeri,H., Bokharaei-Salim,F., Younesi,S., Monavari,S.H., Keyvani,H.",2013-01-14,2015-03-25,dsDNA
AJW82200.1,L1 protein,Human papillomavirus type 16,Alphapapillomavirus 9,,IR-43,505,Iran,Homo sapiens,,"Salehi-Vaziri,M., Sadeghi,F., Hashemi,F.S., Haeri,H., Bokharaei-Salim,F., Younesi,S., Monavari,S.H., Keyvani,H.",2013-01-14,2015-03-25,dsDNA
AJW82201.1,L1 protein,Human papillomavirus type 16,Alphapapillomavirus 9,,IR-44,505,Iran,Homo sapiens,,"Salehi-Vaziri,M., Sadeghi,F., Hashemi,F.S., Haeri,H., Bokharaei-Salim,F., Younesi,S., Monavari,S.H., Keyvani,H.",2013-01-14,2015-03-25,dsDNA
AJW82202.1,L1 protein,Human papillomavirus type 16,Alphapapillomavirus 9,,IR-45,505,Iran,Homo sapiens,,"Salehi-Vaziri,M., Sadeghi,F., Hashemi,F.S., Haeri,H., Bokharaei-Salim,F., Younesi,S., Monavari,S.H., Keyvani,H.",2013-01-14,2015-03-25,dsDNA
AJW82203.1,L1 protein,Human papillomavirus type 16,Alphapapillomavirus 9,,IR-46,505,Iran,Homo sapiens,,"Salehi-Vaziri,M., Sadeghi,F., Hashemi,F.S., Haeri,H., Bokharaei-Salim,F., Younesi,S., Monavari,S.H., Keyvani,H.",2013-01-14,2015-03-25,dsDNA
AJW82204.1,L1 protein,Human papillomavirus type 16,Alphapapillomavirus 9,,IR-47,505,Iran,Homo sapiens,,"Salehi-Vaziri,M., Sadeghi,F., Hashemi,F.S., Haeri,H., Bokharaei-Salim,F., Younesi,S., Monavari,S.H., Keyvani,H.",2013-01-14,2015-03-25,dsDNA
AJW82205.1,L1 protein,Human papillomavirus type 16,Alphapapillomavirus 9,,IR-48,505,Iran,Homo sapiens,,"Salehi-Vaziri,M., Sadeghi,F., Hashemi,F.S., Haeri,H., Bokharaei-Salim,F., Younesi,S., Monavari,S.H., Keyvani,H.",2013-01-14,2015-03-25,dsDNA
AJW82206.1,L1 protein,Human papillomavirus type 16,Alphapapillomavirus 9,,IR-49,505,Iran,Homo sapiens,,"Salehi-Vaziri,M., Sadeghi,F., Hashemi,F.S., Haeri,H., Bokharaei-Salim,F., Younesi,S., Monavari,S.H., Keyvani,H.",2013-01-14,2015-03-25,dsDNA
AJW82207.1,L1 protein,Human papillomavirus type 16,Alphapapillomavirus 9,,IR-50,505,Iran,Homo sapiens,,"Salehi-Vaziri,M., Sadeghi,F., Hashemi,F.S., Haeri,H., Bokharaei-Salim,F., Younesi,S., Monavari,S.H., Keyvani,H.",2013-01-14,2015-03-25,dsDNA
AJW82208.1,L1 protein,Human papillomavirus type 16,Alphapapillomavirus 9,,IR-51,505,Iran,Homo sapiens,,"Salehi-Vaziri,M., Sadeghi,F., Hashemi,F.S., Haeri,H., Bokharaei-Salim,F., Younesi,S., Monavari,S.H., Keyvani,H.",2013-01-14,2015-03-25,dsDNA
AJW82209.1,L1 protein,Human papillomavirus type 16,Alphapapillomavirus 9,,IR-52,505,Iran,Homo sapiens,,"Salehi-Vaziri,M., Sadeghi,F., Hashemi,F.S., Haeri,H., Bokharaei-Salim,F., Younesi,S., Monavari,S.H., Keyvani,H.",2013-01-14,2015-03-25,dsDNA
AJW82210.1,L1 protein,Human papillomavirus type 16,Alphapapillomavirus 9,,IR-53,505,Iran,Homo sapiens,,"Salehi-Vaziri,M., Sadeghi,F., Hashemi,F.S., Haeri,H., Bokharaei-Salim,F., Younesi,S., Monavari,S.H., Keyvani,H.",2013-01-14,2015-03-25,dsDNA
AJW82211.1,L1 protein,Human papillomavirus type 16,Alphapapillomavirus 9,,IR-54,505,Iran,Homo sapiens,,"Salehi-Vaziri,M., Sadeghi,F., Hashemi,F.S., Haeri,H., Bokharaei-Salim,F., Younesi,S., Monavari,S.H., Keyvani,H.",2013-01-14,2015-03-25,dsDNA
AJW82212.1,L1 protein,Human papillomavirus type 16,Alphapapillomavirus 9,,IR-55,505,Iran,Homo sapiens,,"Salehi-Vaziri,M., Sadeghi,F., Hashemi,F.S., Haeri,H., Bokharaei-Salim,F., Younesi,S., Monavari,S.H., Keyvani,H.",2013-01-14,2015-03-25,dsDNA
AJW82213.1,L1 protein,Human papillomavirus type 16,Alphapapillomavirus 9,,IR-56,505,Iran,Homo sapiens,,"Salehi-Vaziri,M., Sadeghi,F., Hashemi,F.S., Haeri,H., Bokharaei-Salim,F., Younesi,S., Monavari,S.H., Keyvani,H.",2013-01-14,2015-03-25,dsDNA
AJW82214.1,L1 protein,Human papillomavirus type 16,Alphapapillomavirus 9,,IR-57,505,Iran,Homo sapiens,,"Salehi-Vaziri,M., Sadeghi,F., Hashemi,F.S., Haeri,H., Bokharaei-Salim,F., Younesi,S., Monavari,S.H., Keyvani,H.",2013-01-14,2015-03-25,dsDNA
AJW82215.1,L1 protein,Human papillomavirus type 16,Alphapapillomavirus 9,,IR-58,505,Iran,Homo sapiens,,"Salehi-Vaziri,M., Sadeghi,F., Hashemi,F.S., Haeri,H., Bokharaei-Salim,F., Younesi,S., Monavari,S.H., Keyvani,H.",2013-01-14,2015-03-25,dsDNA
AJW82216.1,L1 protein,Human papillomavirus type 16,Alphapapillomavirus 9,,IR-59,505,Iran,Homo sapiens,,"Salehi-Vaziri,M., Sadeghi,F., Hashemi,F.S., Haeri,H., Bokharaei-Salim,F., Younesi,S., Monavari,S.H., Keyvani,H.",2013-01-14,2015-03-25,dsDNA
AIU47931.1,L1,Human papillomavirus type 16,Alphapapillomavirus 9,,PV-234-11,531,Sweden,Homo sapiens,tonsil,"Letsolo,B.T., Faust,H., Ekblad,L., Wennerberg,J., Forslund,O.",2011-02-21,2015-01-08,dsDNA
AIQ82816.1,L1,Human papillomavirus type 16,Alphapapillomavirus 9,16,IR-0,505,Iran,Homo sapiens,,"Salehi-Vaziri,M., Sadeghi,F., Hashemi,F.S., Haeri,H., Bokharaei-Salim,F., Younesi,S., Monavari,S.H., Keyvani,H.",2013-10-26,2014-09-29,dsDNA
AIQ82817.1,L1,Human papillomavirus type 16,Alphapapillomavirus 9,16,IR-1,505,Iran,Homo sapiens,,"Salehi-Vaziri,M., Sadeghi,F., Hashemi,F.S., Haeri,H., Bokharaei-Salim,F., Younesi,S., Monavari,S.H., Keyvani,H.",2013-10-26,2014-09-29,dsDNA
AIQ82818.1,L1,Human papillomavirus type 16,Alphapapillomavirus 9,16,IR-2,505,Iran,Homo sapiens,,"Salehi-Vaziri,M., Sadeghi,F., Hashemi,F.S., Haeri,H., Bokharaei-Salim,F., Younesi,S., Monavari,S.H., Keyvani,H.",2013-10-26,2014-09-29,dsDNA
AIQ82819.1,L1,Human papillomavirus type 16,Alphapapillomavirus 9,16,IR-3,505,Iran,Homo sapiens,,"Salehi-Vaziri,M., Sadeghi,F., Hashemi,F.S., Haeri,H., Bokharaei-Salim,F., Younesi,S., Monavari,S.H., Keyvani,H.",2013-10-26,2014-09-29,dsDNA
AIQ82820.1,L1,Human papillomavirus type 16,Alphapapillomavirus 9,16,IR-4,505,Iran,Homo sapiens,,"Salehi-Vaziri,M., Sadeghi,F., Hashemi,F.S., Haeri,H., Bokharaei-Salim,F., Younesi,S., Monavari,S.H., Keyvani,H.",2013-10-26,2014-09-29,dsDNA
AIQ82821.1,L1,Human papillomavirus type 16,Alphapapillomavirus 9,16,IR-5,505,Iran,Homo sapiens,,"Salehi-Vaziri,M., Sadeghi,F., Hashemi,F.S., Haeri,H., Bokharaei-Salim,F., Younesi,S., Monavari,S.H., Keyvani,H.",2013-10-26,2014-09-29,dsDNA
AIQ82822.1,L1,Human papillomavirus type 16,Alphapapillomavirus 9,16,IR-6,505,Iran,Homo sapiens,,"Salehi-Vaziri,M., Sadeghi,F., Hashemi,F.S., Haeri,H., Bokharaei-Salim,F., Younesi,S., Monavari,S.H., Keyvani,H.",2013-10-26,2014-09-29,dsDNA
AIQ82823.1,L1,Human papillomavirus type 16,Alphapapillomavirus 9,16,IR-7,505,Iran,Homo sapiens,,"Salehi-Vaziri,M., Sadeghi,F., Hashemi,F.S., Haeri,H., Bokharaei-Salim,F., Younesi,S., Monavari,S.H., Keyvani,H.",2013-10-26,2014-09-29,dsDNA
AIQ82824.1,L1,Human papillomavirus type 16,Alphapapillomavirus 9,16,IR-8,505,Iran,Homo sapiens,,"Salehi-Vaziri,M., Sadeghi,F., Hashemi,F.S., Haeri,H., Bokharaei-Salim,F., Younesi,S., Monavari,S.H., Keyvani,H.",2013-10-26,2014-09-29,dsDNA
AIQ82825.1,L1,Human papillomavirus type 16,Alphapapillomavirus 9,16,IR-9,505,Iran,Homo sapiens,,"Salehi-Vaziri,M., Sadeghi,F., Hashemi,F.S., Haeri,H., Bokharaei-Salim,F., Younesi,S., Monavari,S.H., Keyvani,H.",2013-10-26,2014-09-29,dsDNA
AIQ82826.1,L1,Human papillomavirus type 16,Alphapapillomavirus 9,16,IR-10,505,Iran,Homo sapiens,,"Salehi-Vaziri,M., Sadeghi,F., Hashemi,F.S., Haeri,H., Bokharaei-Salim,F., Younesi,S., Monavari,S.H., Keyvani,H.",2013-10-26,2014-09-29,dsDNA
AIQ82827.1,L1,Human papillomavirus type 16,Alphapapillomavirus 9,16,IR-11,505,Iran,Homo sapiens,,"Salehi-Vaziri,M., Sadeghi,F., Hashemi,F.S., Haeri,H., Bokharaei-Salim,F., Younesi,S., Monavari,S.H., Keyvani,H.",2013-10-26,2014-09-29,dsDNA
AIQ82828.1,L1,Human papillomavirus type 16,Alphapapillomavirus 9,16,IR-12,505,Iran,Homo sapiens,,"Salehi-Vaziri,M., Sadeghi,F., Hashemi,F.S., Haeri,H., Bokharaei-Salim,F., Younesi,S., Monavari,S.H., Keyvani,H.",2013-10-26,2014-09-29,dsDNA
AIQ82829.1,L1,Human papillomavirus type 16,Alphapapillomavirus 9,16,IR-13,505,Iran,Homo sapiens,,"Salehi-Vaziri,M., Sadeghi,F., Hashemi,F.S., Haeri,H., Bokharaei-Salim,F., Younesi,S., Monavari,S.H., Keyvani,H.",2013-10-26,2014-09-29,dsDNA
AIQ82830.1,L1,Human papillomavirus type 16,Alphapapillomavirus 9,16,IR-14,505,Iran,Homo sapiens,,"Salehi-Vaziri,M., Sadeghi,F., Hashemi,F.S., Haeri,H., Bokharaei-Salim,F., Younesi,S., Monavari,S.H., Keyvani,H.",2013-10-26,2014-09-29,dsDNA
AIQ82831.1,L1,Human papillomavirus type 16,Alphapapillomavirus 9,16,IR-16,505,Iran,Homo sapiens,,"Salehi-Vaziri,M., Sadeghi,F., Hashemi,F.S., Haeri,H., Bokharaei-Salim,F., Younesi,S., Monavari,S.H., Keyvani,H.",2013-10-26,2014-09-29,dsDNA
AIQ82832.1,L1,Human papillomavirus type 16,Alphapapillomavirus 9,16,IR-17,505,Iran,Homo sapiens,,"Salehi-Vaziri,M., Sadeghi,F., Hashemi,F.S., Haeri,H., Bokharaei-Salim,F., Younesi,S., Monavari,S.H., Keyvani,H.",2013-10-26,2014-09-29,dsDNA
AIQ82833.1,L1,Human papillomavirus type 16,Alphapapillomavirus 9,16,IR-18,505,Iran,Homo sapiens,,"Salehi-Vaziri,M., Sadeghi,F., Hashemi,F.S., Haeri,H., Bokharaei-Salim,F., Younesi,S., Monavari,S.H., Keyvani,H.",2013-10-26,2014-09-29,dsDNA
AIQ82834.1,L1,Human papillomavirus type 16,Alphapapillomavirus 9,16,IR-19,505,Iran,Homo sapiens,,"Salehi-Vaziri,M., Sadeghi,F., Hashemi,F.S., Haeri,H., Bokharaei-Salim,F., Younesi,S., Monavari,S.H., Keyvani,H.",2013-10-26,2014-09-29,dsDNA
AIQ82835.1,L1,Human papillomavirus type 16,Alphapapillomavirus 9,16,IR-20,505,Iran,Homo sapiens,,"Salehi-Vaziri,M., Sadeghi,F., Hashemi,F.S., Haeri,H., Bokharaei-Salim,F., Younesi,S., Monavari,S.H., Keyvani,H.",2013-10-26,2014-09-29,dsDNA
AIQ82836.1,L1,Human papillomavirus type 16,Alphapapillomavirus 9,16,IR-21,505,Iran,Homo sapiens,,"Salehi-Vaziri,M., Sadeghi,F., Hashemi,F.S., Haeri,H., Bokharaei-Salim,F., Younesi,S., Monavari,S.H., Keyvani,H.",2013-10-26,2014-09-29,dsDNA
AIQ82837.1,L1,Human papillomavirus type 16,Alphapapillomavirus 9,16,IR-22,505,Iran,Homo sapiens,,"Salehi-Vaziri,M., Sadeghi,F., Hashemi,F.S., Haeri,H., Bokharaei-Salim,F., Younesi,S., Monavari,S.H., Keyvani,H.",2013-10-26,2014-09-29,dsDNA
AIQ82838.1,L1,Human papillomavirus type 16,Alphapapillomavirus 9,16,IR-23,505,Iran,Homo sapiens,,"Salehi-Vaziri,M., Sadeghi,F., Hashemi,F.S., Haeri,H., Bokharaei-Salim,F., Younesi,S., Monavari,S.H., Keyvani,H.",2013-10-26,2014-09-29,dsDNA
AIQ82839.1,L1,Human papillomavirus type 16,Alphapapillomavirus 9,16,IR-24,505,Iran,Homo sapiens,,"Salehi-Vaziri,M., Sadeghi,F., Hashemi,F.S., Haeri,H., Bokharaei-Salim,F., Younesi,S., Monavari,S.H., Keyvani,H.",2013-10-26,2014-09-29,dsDNA
AIQ82840.1,L1,Human papillomavirus type 16,Alphapapillomavirus 9,16,IR-26,505,Iran,Homo sapiens,,"Salehi-Vaziri,M., Sadeghi,F., Hashemi,F.S., Haeri,H., Bokharaei-Salim,F., Younesi,S., Monavari,S.H., Keyvani,H.",2013-10-26,2014-09-29,dsDNA
AIQ82841.1,L1,Human papillomavirus type 16,Alphapapillomavirus 9,16,IR-27,505,Iran,Homo sapiens,,"Salehi-Vaziri,M., Sadeghi,F., Hashemi,F.S., Haeri,H., Bokharaei-Salim,F., Younesi,S., Monavari,S.H., Keyvani,H.",2013-10-26,2014-09-29,dsDNA
AIQ82842.1,L1,Human papillomavirus type 16,Alphapapillomavirus 9,16,IR-28,505,Iran,Homo sapiens,,"Salehi-Vaziri,M., Sadeghi,F., Hashemi,F.S., Haeri,H., Bokharaei-Salim,F., Younesi,S., Monavari,S.H., Keyvani,H.",2013-10-26,2014-09-29,dsDNA
AIQ82843.1,L1,Human papillomavirus type 16,Alphapapillomavirus 9,16,IR-29,505,Iran,Homo sapiens,,"Salehi-Vaziri,M., Sadeghi,F., Hashemi,F.S., Haeri,H., Bokharaei-Salim,F., Younesi,S., Monavari,S.H., Keyvani,H.",2013-10-26,2014-09-29,dsDNA
AIQ82844.1,L1,Human papillomavirus type 16,Alphapapillomavirus 9,16,IR-30,505,Iran,Homo sapiens,,"Salehi-Vaziri,M., Sadeghi,F., Hashemi,F.S., Haeri,H., Bokharaei-Salim,F., Younesi,S., Monavari,S.H., Keyvani,H.",2013-10-26,2014-09-29,dsDNA
AIQ82845.1,L1,Human papillomavirus type 16,Alphapapillomavirus 9,16,IR-31,505,Iran,Homo sapiens,,"Salehi-Vaziri,M., Sadeghi,F., Hashemi,F.S., Haeri,H., Bokharaei-Salim,F., Younesi,S., Monavari,S.H., Keyvani,H.",2013-10-26,2014-09-29,dsDNA
AIQ82846.1,L1,Human papillomavirus type 16,Alphapapillomavirus 9,16,IR-32,505,Iran,Homo sapiens,,"Salehi-Vaziri,M., Sadeghi,F., Hashemi,F.S., Haeri,H., Bokharaei-Salim,F., Younesi,S., Monavari,S.H., Keyvani,H.",2013-10-26,2014-09-29,dsDNA
AGK28592.1,L1 protein,Human papillomavirus type 16,Alphapapillomavirus 9,,16-Anhui12,531,China,Homo sapiens,,"Sun,Y.F., Jiang,T., Chen,C.J.",2012,2014-05-15,dsDNA
AHK23262.1,L1,Human papillomavirus type 16,Alphapapillomavirus 9,,HPV16-AH2,531,China,Homo sapiens,,"Sun,Y.-F., Jiang,T., Chen,C.-J.",2013,2014-03-03,dsDNA
BAO18678.1,L1 protein,Human papillomavirus type 16,Alphapapillomavirus 9,,JPD058,531,,,,"Kukimoto,I., Maehama,T., Sekizuka,T., Ogasawara,Y., Kondo,K., Kusumoto-Matsuo,R., Mori,S., Ishii,Y., Takeuchi,T., Yamaji,T., Takeuchi,F., Hanada,K., Kuroda,M., Matsumoto,K.",,2013-11-29,dsDNA
BAO18686.1,L1 protein,Human papillomavirus type 16,Alphapapillomavirus 9,,JPD168,531,,,,"Kukimoto,I., Maehama,T., Sekizuka,T., Ogasawara,Y., Kondo,K., Kusumoto-Matsuo,R., Mori,S., Ishii,Y., Takeuchi,T., Yamaji,T., Takeuchi,F., Hanada,K., Kuroda,M., Matsumoto,K.",,2013-11-29,dsDNA
BAO18694.1,L1 protein,Human papillomavirus type 16,Alphapapillomavirus 9,,JPD062,531,,,,"Kukimoto,I., Maehama,T., Sekizuka,T., Ogasawara,Y., Kondo,K., Kusumoto-Matsuo,R., Mori,S., Ishii,Y., Takeuchi,T., Yamaji,T., Takeuchi,F., Hanada,K., Kuroda,M., Matsumoto,K.",,2013-11-29,dsDNA
BAO18702.1,L1 protein,Human papillomavirus type 16,Alphapapillomavirus 9,,JPD085,531,,,,"Kukimoto,I., Maehama,T., Sekizuka,T., Ogasawara,Y., Kondo,K., Kusumoto-Matsuo,R., Mori,S., Ishii,Y., Takeuchi,T., Yamaji,T., Takeuchi,F., Hanada,K., Kuroda,M., Matsumoto,K.",,2013-11-29,dsDNA
BAO18710.1,L1 protein,Human papillomavirus type 16,Alphapapillomavirus 9,,JPD002,531,,,,"Kukimoto,I., Maehama,T., Sekizuka,T., Ogasawara,Y., Kondo,K., Kusumoto-Matsuo,R., Mori,S., Ishii,Y., Takeuchi,T., Yamaji,T., Takeuchi,F., Hanada,K., Kuroda,M., Matsumoto,K.",,2013-11-29,dsDNA
BAO18718.1,L1 protein,Human papillomavirus type 16,Alphapapillomavirus 9,,JPD071,531,,,,"Kukimoto,I., Maehama,T., Sekizuka,T., Ogasawara,Y., Kondo,K., Kusumoto-Matsuo,R., Mori,S., Ishii,Y., Takeuchi,T., Yamaji,T., Takeuchi,F., Hanada,K., Kuroda,M., Matsumoto,K.",,2013-11-29,dsDNA
BAO18726.1,L1 protein,Human papillomavirus type 16,Alphapapillomavirus 9,,JPD169,531,,,,"Kukimoto,I., Maehama,T., Sekizuka,T., Ogasawara,Y., Kondo,K., Kusumoto-Matsuo,R., Mori,S., Ishii,Y., Takeuchi,T., Yamaji,T., Takeuchi,F., Hanada,K., Kuroda,M., Matsumoto,K.",,2013-11-29,dsDNA
BAN63225.1,L1 protein,Human papillomavirus type 16,Alphapapillomavirus 9,,JP0777,531,,,,"Kukimoto,I., Maehama,T., Sekizuka,T., Ogasawara,Y., Kondo,K., Kusumoto-Matsuo,R., Mori,S., Ishii,Y., Takeuchi,T., Yamaji,T., Takeuchi,F., Hanada,K., Kuroda,M.",,2013-07-19,dsDNA
BAN63233.1,L1 protein,Human papillomavirus type 16,Alphapapillomavirus 9,,JP2060,531,,,,"Kukimoto,I., Maehama,T., Sekizuka,T., Ogasawara,Y., Kondo,K., Kusumoto-Matsuo,R., Mori,S., Ishii,Y., Takeuchi,T., Yamaji,T., Takeuchi,F., Hanada,K., Kuroda,M.",,2013-07-19,dsDNA
BAN63241.1,L1 protein,Human papillomavirus type 16,Alphapapillomavirus 9,,JP0278,531,,,,"Kukimoto,I., Maehama,T., Sekizuka,T., Ogasawara,Y., Kondo,K., Kusumoto-Matsuo,R., Mori,S., Ishii,Y., Takeuchi,T., Yamaji,T., Takeuchi,F., Hanada,K., Kuroda,M.",,2013-07-19,dsDNA
BAN63249.1,L1 protein,Human papillomavirus type 16,Alphapapillomavirus 9,,JP1773,531,,,,"Kukimoto,I., Maehama,T., Sekizuka,T., Ogasawara,Y., Kondo,K., Kusumoto-Matsuo,R., Mori,S., Ishii,Y., Takeuchi,T., Yamaji,T., Takeuchi,F., Hanada,K., Kuroda,M.",,2013-07-19,dsDNA
BAN63257.1,L1 protein,Human papillomavirus type 16,Alphapapillomavirus 9,,JP1556,531,,,,"Kukimoto,I., Maehama,T., Sekizuka,T., Ogasawara,Y., Kondo,K., Kusumoto-Matsuo,R., Mori,S., Ishii,Y., Takeuchi,T., Yamaji,T., Takeuchi,F., Hanada,K., Kuroda,M.",,2013-07-19,dsDNA
BAN63265.1,L1 protein,Human papillomavirus type 16,Alphapapillomavirus 9,,JP0074,531,,,,"Kukimoto,I., Maehama,T., Sekizuka,T., Ogasawara,Y., Kondo,K., Kusumoto-Matsuo,R., Mori,S., Ishii,Y., Takeuchi,T., Yamaji,T., Takeuchi,F., Hanada,K., Kuroda,M.",,2013-07-19,dsDNA
BAN63273.1,L1 protein,Human papillomavirus type 16,Alphapapillomavirus 9,,JP0127,531,,,,"Kukimoto,I., Maehama,T., Sekizuka,T., Ogasawara,Y., Kondo,K., Kusumoto-Matsuo,R., Mori,S., Ishii,Y., Takeuchi,T., Yamaji,T., Takeuchi,F., Hanada,K., Kuroda,M.",,2013-07-19,dsDNA
AGC65525.1,major capsid protein L1,Human papillomavirus type 16,Alphapapillomavirus 9,16,AS-001,531,Pakistan,Homo sapiens,,"Siddiqa,A., Bhatti,M.F., Parish,J.L.",2010-06,2013-01-22,dsDNA
AEZ01697.1,L1 protein,Human papillomavirus type 16,Alphapapillomavirus 9,,,531,Thailand,Homo sapiens,,"Chansaenroj,J., Theamboonlers,A., Chinchai,T., Junyangdikul,P., Swangvaree,S., Karalak,A., Poovorawan,Y.",2010,2012-10-31,dsDNA
AEZ01705.1,L1 protein,Human papillomavirus type 16,Alphapapillomavirus 9,,,531,Thailand,Homo sapiens,,"Chansaenroj,J., Theamboonlers,A., Chinchai,T., Junyangdikul,P., Swangvaree,S., Karalak,A., Poovorawan,Y.",2010,2012-10-31,dsDNA
AEZ01713.1,L1 protein,Human papillomavirus type 16,Alphapapillomavirus 9,,,531,Thailand,Homo sapiens,,"Chansaenroj,J., Theamboonlers,A., Chinchai,T., Junyangdikul,P., Swangvaree,S., Karalak,A., Poovorawan,Y.",2010,2012-10-31,dsDNA
AEZ01721.1,L1 protein,Human papillomavirus type 16,Alphapapillomavirus 9,,,531,Thailand,Homo sapiens,,"Chansaenroj,J., Theamboonlers,A., Chinchai,T., Junyangdikul,P., Swangvaree,S., Karalak,A., Poovorawan,Y.",2010,2012-10-31,dsDNA
AEZ01729.1,L1 protein,Human papillomavirus type 16,Alphapapillomavirus 9,,,531,Thailand,Homo sapiens,,"Chansaenroj,J., Theamboonlers,A., Chinchai,T., Junyangdikul,P., Swangvaree,S., Karalak,A., Poovorawan,Y.",2010,2012-10-31,dsDNA
AEZ01736.1,L1 protein,Human papillomavirus type 16,Alphapapillomavirus 9,,,531,Thailand,Homo sapiens,,"Chansaenroj,J., Theamboonlers,A., Chinchai,T., Junyangdikul,P., Swangvaree,S., Karalak,A., Poovorawan,Y.",2010,2012-10-31,dsDNA
AEZ01744.1,L1 protein,Human papillomavirus type 16,Alphapapillomavirus 9,,,531,Thailand,Homo sapiens,,"Chansaenroj,J., Theamboonlers,A., Chinchai,T., Junyangdikul,P., Swangvaree,S., Karalak,A., Poovorawan,Y.",2010,2012-10-31,dsDNA
AEZ01752.1,L1 protein,Human papillomavirus type 16,Alphapapillomavirus 9,,,531,Thailand,Homo sapiens,,"Chansaenroj,J., Theamboonlers,A., Chinchai,T., Junyangdikul,P., Swangvaree,S., Karalak,A., Poovorawan,Y.",2010,2012-10-31,dsDNA
AFS33334.1,L1,Human papillomavirus type 16,Alphapapillomavirus 9,HPV16,KM1,531,China,Homo sapiens,cervix,"Yue,Y.",2010-10-12,2012-09-25,dsDNA
AFS33335.1,L1,Human papillomavirus type 16,Alphapapillomavirus 9,HPV16,KM2,531,China,Homo sapiens,cervix,"Yue,Y.",2010-10-12,2012-09-25,dsDNA
AFS33336.1,L1,Human papillomavirus type 16,Alphapapillomavirus 9,HPV16,KM3,531,China,Homo sapiens,cervix,"Yue,Y.",2010-10-12,2012-09-25,dsDNA
AFS33337.1,L1,Human papillomavirus type 16,Alphapapillomavirus 9,HPV16,KM4,531,China,Homo sapiens,cervix,"Yue,Y.",2010-10-12,2012-09-25,dsDNA
AFS33338.1,L1,Human papillomavirus type 16,Alphapapillomavirus 9,HPV16,KM5,531,China,Homo sapiens,cervix,"Yue,Y.",2010-12-20,2012-09-25,dsDNA
AFS33339.1,L1,Human papillomavirus type 16,Alphapapillomavirus 9,HPV16,KM6,531,China,Homo sapiens,cervix,"Yue,Y.",2010-12-20,2012-09-25,dsDNA
AFS33340.1,L1,Human papillomavirus type 16,Alphapapillomavirus 9,HPV16,KM7,531,China,Homo sapiens,cervix,"Yue,Y.",2010-12-20,2012-09-25,dsDNA
AFS33341.1,L1,Human papillomavirus type 16,Alphapapillomavirus 9,HPV16,KM8,531,China,Homo sapiens,cervix,"Yue,Y.",2011-03-12,2012-09-25,dsDNA
AFS33342.1,L1,Human papillomavirus type 16,Alphapapillomavirus 9,HPV16,KM9,531,China,Homo sapiens,cervix,"Yue,Y.",2011-03-12,2012-09-25,dsDNA
AFS33343.1,L1,Human papillomavirus type 16,Alphapapillomavirus 9,HPV16,KM2010,531,China,Homo sapiens,cervix,"Yue,Y.",2011-04-20,2012-09-25,dsDNA
AFS33344.1,L1,Human papillomavirus type 16,Alphapapillomavirus 9,HPV16,KM2011,531,China,Homo sapiens,cervix,"Yue,Y.",2011-04-20,2012-09-25,dsDNA
AFS33345.1,L1,Human papillomavirus type 16,Alphapapillomavirus 9,HPV16,KM12,531,China,Homo sapiens,cervix,"Yue,Y.",2011-04-20,2012-09-25,dsDNA
AFS33346.1,L1,Human papillomavirus type 16,Alphapapillomavirus 9,HPV16,KM13,531,China,Homo sapiens,cervix,"Yue,Y.",2011-04-20,2012-09-25,dsDNA
AFS33347.1,L1,Human papillomavirus type 16,Alphapapillomavirus 9,HPV16,KM14,531,China,Homo sapiens,cervix,"Yue,Y.",2011-04-20,2012-09-25,dsDNA
AFS33348.1,L1,Human papillomavirus type 16,Alphapapillomavirus 9,HPV16,KM15,531,China,Homo sapiens,cervix,"Yue,Y.",2011-05-28,2012-09-25,dsDNA
AFS33349.1,L1,Human papillomavirus type 16,Alphapapillomavirus 9,HPV16,KM16,531,China,Homo sapiens,cervix,"Yue,Y.",2011-05-28,2012-09-25,dsDNA
AFS33350.1,L1,Human papillomavirus type 16,Alphapapillomavirus 9,HPV16,KM17,531,China,Homo sapiens,cervix,"Yue,Y.",2011-05-28,2012-09-25,dsDNA
AFS33351.1,L1,Human papillomavirus type 16,Alphapapillomavirus 9,HPV16,KM18,531,China,Homo sapiens,cervix,"Yue,Y.",2011-05-28,2012-09-25,dsDNA
AFS33352.1,L1,Human papillomavirus type 16,Alphapapillomavirus 9,HPV16,KM19,531,China,Homo sapiens,cervix,"Yue,Y.",2011-08-23,2012-09-25,dsDNA
AFS33353.1,L1,Human papillomavirus type 16,Alphapapillomavirus 9,HPV16,KM20,531,China,Homo sapiens,cervix,"Yue,Y.",2011-08-23,2012-09-25,dsDNA
AFS33354.1,L1,Human papillomavirus type 16,Alphapapillomavirus 9,HPV16,KM21,531,China,Homo sapiens,cervix,"Yue,Y.",2011-08-23,2012-09-25,dsDNA
AFS33355.1,L1,Human papillomavirus type 16,Alphapapillomavirus 9,HPV16,KM22,531,China,Homo sapiens,cervix,"Yue,Y.",2011-08-23,2012-09-25,dsDNA
AFS33356.1,L1,Human papillomavirus type 16,Alphapapillomavirus 9,HPV16,KM23,531,China,Homo sapiens,cervix,"Yue,Y.",2011-08-23,2012-09-25,dsDNA
AFS33357.1,L1,Human papillomavirus type 16,Alphapapillomavirus 9,HPV16,KM24,531,China,Homo sapiens,cervix,"Yue,Y.",2011-09-02,2012-09-25,dsDNA
AFS33358.1,L1,Human papillomavirus type 16,Alphapapillomavirus 9,HPV16,KM25,531,China,Homo sapiens,cervix,"Yue,Y.",2011-09-25,2012-09-25,dsDNA
AFS33359.1,L1,Human papillomavirus type 16,Alphapapillomavirus 9,HPV16,KM26,531,China,Homo sapiens,cervix,"Yue,Y.",2011-10-02,2012-09-25,dsDNA
AFS33360.1,L1,Human papillomavirus type 16,Alphapapillomavirus 9,HPV16,KM27,531,China,Homo sapiens,cervix,"Yue,Y.",2011-10-24,2012-09-25,dsDNA
AFS33361.1,L1,Human papillomavirus type 16,Alphapapillomavirus 9,HPV16,KM28,531,China,Homo sapiens,cervix,"Yue,Y.",2011-11-03,2012-09-25,dsDNA
AFS33362.1,L1,Human papillomavirus type 16,Alphapapillomavirus 9,HPV16,KM29,531,China,Homo sapiens,cervix,"Yue,Y.",2011-11-21,2012-09-25,dsDNA
AFS33363.1,L1,Human papillomavirus type 16,Alphapapillomavirus 9,HPV16,KM30,531,China,Homo sapiens,cervix,"Yue,Y.",2011-12-02,2012-09-25,dsDNA
AFS33364.1,L1,Human papillomavirus type 16,Alphapapillomavirus 9,HPV16,KM31,531,China,Homo sapiens,cervix,"Yue,Y.",2011-12-21,2012-09-25,dsDNA
AFP44126.1,L1 protein,Human papillomavirus type 16,Alphapapillomavirus 9,,AS097,531,,,,"Smith,B., Chen,Z., Reimers,L., van Doorslaer,K., Schiffman,M., Desalle,R., Herrero,R., Yu,K., Wacholder,S., Wang,T., Burk,R.D.",,2012-08-11,dsDNA
AFP44134.1,L1 protein,Human papillomavirus type 16,Alphapapillomavirus 9,,AS310,531,,,,"Smith,B., Chen,Z., Reimers,L., van Doorslaer,K., Schiffman,M., Desalle,R., Herrero,R., Yu,K., Wacholder,S., Wang,T., Burk,R.D.",,2012-08-11,dsDNA
AFP44142.1,L1 protein,Human papillomavirus type 16,Alphapapillomavirus 9,,AS411,531,,,,"Smith,B., Chen,Z., Reimers,L., van Doorslaer,K., Schiffman,M., Desalle,R., Herrero,R., Yu,K., Wacholder,S., Wang,T., Burk,R.D.",,2012-08-11,dsDNA
AFP44150.1,L1 protein,Human papillomavirus type 16,Alphapapillomavirus 9,,BF039,531,,,,"Smith,B., Chen,Z., Reimers,L., van Doorslaer,K., Schiffman,M., Desalle,R., Herrero,R., Yu,K., Wacholder,S., Wang,T., Burk,R.D.",,2012-08-11,dsDNA
AFP44158.1,L1 protein,Human papillomavirus type 16,Alphapapillomavirus 9,,BF215,531,,,,"Smith,B., Chen,Z., Reimers,L., van Doorslaer,K., Schiffman,M., Desalle,R., Herrero,R., Yu,K., Wacholder,S., Wang,T., Burk,R.D.",,2012-08-11,dsDNA
AFP44166.1,L1 protein,Human papillomavirus type 16,Alphapapillomavirus 9,,BF236,531,,,,"Smith,B., Chen,Z., Reimers,L., van Doorslaer,K., Schiffman,M., Desalle,R., Herrero,R., Yu,K., Wacholder,S., Wang,T., Burk,R.D.",,2012-08-11,dsDNA
AFP44174.1,L1 protein,Human papillomavirus type 16,Alphapapillomavirus 9,,BF325,531,,,,"Smith,B., Chen,Z., Reimers,L., van Doorslaer,K., Schiffman,M., Desalle,R., Herrero,R., Yu,K., Wacholder,S., Wang,T., Burk,R.D.",,2012-08-11,dsDNA
AFP44182.1,L1 protein,Human papillomavirus type 16,Alphapapillomavirus 9,,Fr050094,531,,,,"Smith,B., Chen,Z., Reimers,L., van Doorslaer,K., Schiffman,M., Desalle,R., Herrero,R., Yu,K., Wacholder,S., Wang,T., Burk,R.D.",,2012-08-11,dsDNA
AFP44190.1,L1 protein,Human papillomavirus type 16,Alphapapillomavirus 9,,Fr160232,531,,,,"Smith,B., Chen,Z., Reimers,L., van Doorslaer,K., Schiffman,M., Desalle,R., Herrero,R., Yu,K., Wacholder,S., Wang,T., Burk,R.D.",,2012-08-11,dsDNA
AFP44198.1,L1 protein,Human papillomavirus type 16,Alphapapillomavirus 9,,Fr207412,531,,,,"Smith,B., Chen,Z., Reimers,L., van Doorslaer,K., Schiffman,M., Desalle,R., Herrero,R., Yu,K., Wacholder,S., Wang,T., Burk,R.D.",,2012-08-11,dsDNA
AFP44206.1,L1 protein,Human papillomavirus type 16,Alphapapillomavirus 9,,Fr240211,531,,,,"Smith,B., Chen,Z., Reimers,L., van Doorslaer,K., Schiffman,M., Desalle,R., Herrero,R., Yu,K., Wacholder,S., Wang,T., Burk,R.D.",,2012-08-11,dsDNA
AFP44214.1,L1 protein,Human papillomavirus type 16,Alphapapillomavirus 9,,Fr312312,531,,,,"Smith,B., Chen,Z., Reimers,L., van Doorslaer,K., Schiffman,M., Desalle,R., Herrero,R., Yu,K., Wacholder,S., Wang,T., Burk,R.D.",,2012-08-11,dsDNA
AFP44222.1,L1 protein,Human papillomavirus type 16,Alphapapillomavirus 9,,Fr630712,531,,,,"Smith,B., Chen,Z., Reimers,L., van Doorslaer,K., Schiffman,M., Desalle,R., Herrero,R., Yu,K., Wacholder,S., Wang,T., Burk,R.D.",,2012-08-11,dsDNA
AFP44230.1,L1 protein,Human papillomavirus type 16,Alphapapillomavirus 9,,IN000078,531,,,,"Smith,B., Chen,Z., Reimers,L., van Doorslaer,K., Schiffman,M., Desalle,R., Herrero,R., Yu,K., Wacholder,S., Wang,T., Burk,R.D.",,2012-08-11,dsDNA
AFP44238.1,L1 protein,Human papillomavirus type 16,Alphapapillomavirus 9,,IN151168,531,,,,"Smith,B., Chen,Z., Reimers,L., van Doorslaer,K., Schiffman,M., Desalle,R., Herrero,R., Yu,K., Wacholder,S., Wang,T., Burk,R.D.",,2012-08-11,dsDNA
AFP44246.1,L1 protein,Human papillomavirus type 16,Alphapapillomavirus 9,,IN221688,531,,,,"Smith,B., Chen,Z., Reimers,L., van Doorslaer,K., Schiffman,M., Desalle,R., Herrero,R., Yu,K., Wacholder,S., Wang,T., Burk,R.D.",,2012-08-11,dsDNA
AFP44254.1,L1 protein,Human papillomavirus type 16,Alphapapillomavirus 9,,IN272098,531,,,,"Smith,B., Chen,Z., Reimers,L., van Doorslaer,K., Schiffman,M., Desalle,R., Herrero,R., Yu,K., Wacholder,S., Wang,T., Burk,R.D.",,2012-08-11,dsDNA
AFP44262.1,L1 protein,Human papillomavirus type 16,Alphapapillomavirus 9,,INJP0168,531,,,,"Smith,B., Chen,Z., Reimers,L., van Doorslaer,K., Schiffman,M., Desalle,R., Herrero,R., Yu,K., Wacholder,S., Wang,T., Burk,R.D.",,2012-08-11,dsDNA
AFP44270.1,L1 protein,Human papillomavirus type 16,Alphapapillomavirus 9,,NG609,531,,,,"Smith,B., Chen,Z., Reimers,L., van Doorslaer,K., Schiffman,M., Desalle,R., Herrero,R., Yu,K., Wacholder,S., Wang,T., Burk,R.D.",,2012-08-11,dsDNA
AFP44278.1,L1 protein,Human papillomavirus type 16,Alphapapillomavirus 9,,Qv00079,531,,,,"Smith,B., Chen,Z., Reimers,L., van Doorslaer,K., Schiffman,M., Desalle,R., Herrero,R., Yu,K., Wacholder,S., Wang,T., Burk,R.D.",,2012-08-11,dsDNA
AFP44286.1,L1 protein,Human papillomavirus type 16,Alphapapillomavirus 9,,Qv00124,531,,,,"Smith,B., Chen,Z., Reimers,L., van Doorslaer,K., Schiffman,M., Desalle,R., Herrero,R., Yu,K., Wacholder,S., Wang,T., Burk,R.D.",,2012-08-11,dsDNA
AFP44294.1,L1 protein,Human papillomavirus type 16,Alphapapillomavirus 9,,Qv00346,531,,,,"Smith,B., Chen,Z., Reimers,L., van Doorslaer,K., Schiffman,M., Desalle,R., Herrero,R., Yu,K., Wacholder,S., Wang,T., Burk,R.D.",,2012-08-11,dsDNA
AFP44302.1,L1 protein,Human papillomavirus type 16,Alphapapillomavirus 9,,Qv00370,531,,,,"Smith,B., Chen,Z., Reimers,L., van Doorslaer,K., Schiffman,M., Desalle,R., Herrero,R., Yu,K., Wacholder,S., Wang,T., Burk,R.D.",,2012-08-11,dsDNA
AFP44310.1,L1 protein,Human papillomavirus type 16,Alphapapillomavirus 9,,Qv00512,531,,,,"Smith,B., Chen,Z., Reimers,L., van Doorslaer,K., Schiffman,M., Desalle,R., Herrero,R., Yu,K., Wacholder,S., Wang,T., Burk,R.D.",,2012-08-11,dsDNA
AFP44318.1,L1 protein,Human papillomavirus type 16,Alphapapillomavirus 9,,Qv00930,531,,,,"Smith,B., Chen,Z., Reimers,L., van Doorslaer,K., Schiffman,M., Desalle,R., Herrero,R., Yu,K., Wacholder,S., Wang,T., Burk,R.D.",,2012-08-11,dsDNA
AFP44326.1,L1 protein,Human papillomavirus type 16,Alphapapillomavirus 9,,Qv02234,531,,,,"Smith,B., Chen,Z., Reimers,L., van Doorslaer,K., Schiffman,M., Desalle,R., Herrero,R., Yu,K., Wacholder,S., Wang,T., Burk,R.D.",,2012-08-11,dsDNA
AFP44334.1,L1 protein,Human papillomavirus type 16,Alphapapillomavirus 9,,Qv02376,531,,,,"Smith,B., Chen,Z., Reimers,L., van Doorslaer,K., Schiffman,M., Desalle,R., Herrero,R., Yu,K., Wacholder,S., Wang,T., Burk,R.D.",,2012-08-11,dsDNA
AFP44342.1,L1 protein,Human papillomavirus type 16,Alphapapillomavirus 9,,Qv02706,531,,,,"Smith,B., Chen,Z., Reimers,L., van Doorslaer,K., Schiffman,M., Desalle,R., Herrero,R., Yu,K., Wacholder,S., Wang,T., Burk,R.D.",,2012-08-11,dsDNA
AFP44350.1,L1 protein,Human papillomavirus type 16,Alphapapillomavirus 9,,Qv03470,531,,,,"Smith,B., Chen,Z., Reimers,L., van Doorslaer,K., Schiffman,M., Desalle,R., Herrero,R., Yu,K., Wacholder,S., Wang,T., Burk,R.D.",,2012-08-11,dsDNA
AFP44358.1,L1 protein,Human papillomavirus type 16,Alphapapillomavirus 9,,Qv03545,531,,,,"Smith,B., Chen,Z., Reimers,L., van Doorslaer,K., Schiffman,M., Desalle,R., Herrero,R., Yu,K., Wacholder,S., Wang,T., Burk,R.D.",,2012-08-11,dsDNA
AFP44366.1,L1 protein,Human papillomavirus type 16,Alphapapillomavirus 9,,Qv03874,531,,,,"Smith,B., Chen,Z., Reimers,L., van Doorslaer,K., Schiffman,M., Desalle,R., Herrero,R., Yu,K., Wacholder,S., Wang,T., Burk,R.D.",,2012-08-11,dsDNA
AFP44374.1,L1 protein,Human papillomavirus type 16,Alphapapillomavirus 9,,Qv04917,531,,,,"Smith,B., Chen,Z., Reimers,L., van Doorslaer,K., Schiffman,M., Desalle,R., Herrero,R., Yu,K., Wacholder,S., Wang,T., Burk,R.D.",,2012-08-11,dsDNA
AFP44382.1,L1 protein,Human papillomavirus type 16,Alphapapillomavirus 9,,Qv05460,531,,,,"Smith,B., Chen,Z., Reimers,L., van Doorslaer,K., Schiffman,M., Desalle,R., Herrero,R., Yu,K., Wacholder,S., Wang,T., Burk,R.D.",,2012-08-11,dsDNA
AFP44390.1,L1 protein,Human papillomavirus type 16,Alphapapillomavirus 9,,Qv11074,531,,,,"Smith,B., Chen,Z., Reimers,L., van Doorslaer,K., Schiffman,M., Desalle,R., Herrero,R., Yu,K., Wacholder,S., Wang,T., Burk,R.D.",,2012-08-11,dsDNA
AFP44398.1,L1 protein,Human papillomavirus type 16,Alphapapillomavirus 9,,Qv11687,531,,,,"Smith,B., Chen,Z., Reimers,L., van Doorslaer,K., Schiffman,M., Desalle,R., Herrero,R., Yu,K., Wacholder,S., Wang,T., Burk,R.D.",,2012-08-11,dsDNA
AFP44406.1,L1 protein,Human papillomavirus type 16,Alphapapillomavirus 9,,Qv13040,531,,,,"Smith,B., Chen,Z., Reimers,L., van Doorslaer,K., Schiffman,M., Desalle,R., Herrero,R., Yu,K., Wacholder,S., Wang,T., Burk,R.D.",,2012-08-11,dsDNA
AFP44414.1,L1 protein,Human papillomavirus type 16,Alphapapillomavirus 9,,Qv13791,531,,,,"Smith,B., Chen,Z., Reimers,L., van Doorslaer,K., Schiffman,M., Desalle,R., Herrero,R., Yu,K., Wacholder,S., Wang,T., Burk,R.D.",,2012-08-11,dsDNA
AFP44422.1,L1 protein,Human papillomavirus type 16,Alphapapillomavirus 9,,Qv13956,531,,,,"Smith,B., Chen,Z., Reimers,L., van Doorslaer,K., Schiffman,M., Desalle,R., Herrero,R., Yu,K., Wacholder,S., Wang,T., Burk,R.D.",,2012-08-11,dsDNA
AFP44430.1,L1 protein,Human papillomavirus type 16,Alphapapillomavirus 9,,Qv17286,531,,,,"Smith,B., Chen,Z., Reimers,L., van Doorslaer,K., Schiffman,M., Desalle,R., Herrero,R., Yu,K., Wacholder,S., Wang,T., Burk,R.D.",,2012-08-11,dsDNA
AFP44438.1,L1 protein,Human papillomavirus type 16,Alphapapillomavirus 9,,Qv19067,531,,,,"Smith,B., Chen,Z., Reimers,L., van Doorslaer,K., Schiffman,M., Desalle,R., Herrero,R., Yu,K., Wacholder,S., Wang,T., Burk,R.D.",,2012-08-11,dsDNA
AFP44446.1,L1 protein,Human papillomavirus type 16,Alphapapillomavirus 9,,Qv19110,531,,,,"Smith,B., Chen,Z., Reimers,L., van Doorslaer,K., Schiffman,M., Desalle,R., Herrero,R., Yu,K., Wacholder,S., Wang,T., Burk,R.D.",,2012-08-11,dsDNA
AFP44454.1,L1 protein,Human papillomavirus type 16,Alphapapillomavirus 9,,Qv20322,531,,,,"Smith,B., Chen,Z., Reimers,L., van Doorslaer,K., Schiffman,M., Desalle,R., Herrero,R., Yu,K., Wacholder,S., Wang,T., Burk,R.D.",,2012-08-11,dsDNA
AFP44462.1,L1 protein,Human papillomavirus type 16,Alphapapillomavirus 9,,Qv21730,531,,,,"Smith,B., Chen,Z., Reimers,L., van Doorslaer,K., Schiffman,M., Desalle,R., Herrero,R., Yu,K., Wacholder,S., Wang,T., Burk,R.D.",,2012-08-11,dsDNA
AFP44470.1,L1 protein,Human papillomavirus type 16,Alphapapillomavirus 9,,Qv22478,531,,,,"Smith,B., Chen,Z., Reimers,L., van Doorslaer,K., Schiffman,M., Desalle,R., Herrero,R., Yu,K., Wacholder,S., Wang,T., Burk,R.D.",,2012-08-11,dsDNA
AFP44478.1,L1 protein,Human papillomavirus type 16,Alphapapillomavirus 9,,Qv23856,531,,,,"Smith,B., Chen,Z., Reimers,L., van Doorslaer,K., Schiffman,M., Desalle,R., Herrero,R., Yu,K., Wacholder,S., Wang,T., Burk,R.D.",,2012-08-11,dsDNA
AFP44486.1,L1 protein,Human papillomavirus type 16,Alphapapillomavirus 9,,Qv23890,531,,,,"Smith,B., Chen,Z., Reimers,L., van Doorslaer,K., Schiffman,M., Desalle,R., Herrero,R., Yu,K., Wacholder,S., Wang,T., Burk,R.D.",,2012-08-11,dsDNA
AFP44494.1,L1 protein,Human papillomavirus type 16,Alphapapillomavirus 9,,Qv24723,531,,,,"Smith,B., Chen,Z., Reimers,L., van Doorslaer,K., Schiffman,M., Desalle,R., Herrero,R., Yu,K., Wacholder,S., Wang,T., Burk,R.D.",,2012-08-11,dsDNA
AFP44502.1,L1 protein,Human papillomavirus type 16,Alphapapillomavirus 9,,Qv24898,531,,,,"Smith,B., Chen,Z., Reimers,L., van Doorslaer,K., Schiffman,M., Desalle,R., Herrero,R., Yu,K., Wacholder,S., Wang,T., Burk,R.D.",,2012-08-11,dsDNA
AFP44510.1,L1 protein,Human papillomavirus type 16,Alphapapillomavirus 9,,Qv25054,531,,,,"Smith,B., Chen,Z., Reimers,L., van Doorslaer,K., Schiffman,M., Desalle,R., Herrero,R., Yu,K., Wacholder,S., Wang,T., Burk,R.D.",,2012-08-11,dsDNA
AFP44518.1,L1 protein,Human papillomavirus type 16,Alphapapillomavirus 9,,Qv25086,531,,,,"Smith,B., Chen,Z., Reimers,L., van Doorslaer,K., Schiffman,M., Desalle,R., Herrero,R., Yu,K., Wacholder,S., Wang,T., Burk,R.D.",,2012-08-11,dsDNA
AFP44526.1,L1 protein,Human papillomavirus type 16,Alphapapillomavirus 9,,Qv28131,531,,,,"Smith,B., Chen,Z., Reimers,L., van Doorslaer,K., Schiffman,M., Desalle,R., Herrero,R., Yu,K., Wacholder,S., Wang,T., Burk,R.D.",,2012-08-11,dsDNA
AFP44534.1,L1 protein,Human papillomavirus type 16,Alphapapillomavirus 9,,Qv33364,531,,,,"Smith,B., Chen,Z., Reimers,L., van Doorslaer,K., Schiffman,M., Desalle,R., Herrero,R., Yu,K., Wacholder,S., Wang,T., Burk,R.D.",,2012-08-11,dsDNA
AFP44542.1,L1 protein,Human papillomavirus type 16,Alphapapillomavirus 9,,Qv33501,531,,,,"Smith,B., Chen,Z., Reimers,L., van Doorslaer,K., Schiffman,M., Desalle,R., Herrero,R., Yu,K., Wacholder,S., Wang,T., Burk,R.D.",,2012-08-11,dsDNA
AFP44550.1,L1 protein,Human papillomavirus type 16,Alphapapillomavirus 9,,Qv35943,531,,,,"Smith,B., Chen,Z., Reimers,L., van Doorslaer,K., Schiffman,M., Desalle,R., Herrero,R., Yu,K., Wacholder,S., Wang,T., Burk,R.D.",,2012-08-11,dsDNA
AFP44558.1,L1 protein,Human papillomavirus type 16,Alphapapillomavirus 9,,Rw649,531,,,,"Smith,B., Chen,Z., Reimers,L., van Doorslaer,K., Schiffman,M., Desalle,R., Herrero,R., Yu,K., Wacholder,S., Wang,T., Burk,R.D.",,2012-08-11,dsDNA
AFP44566.1,L1 protein,Human papillomavirus type 16,Alphapapillomavirus 9,,Rw677,531,,,,"Smith,B., Chen,Z., Reimers,L., van Doorslaer,K., Schiffman,M., Desalle,R., Herrero,R., Yu,K., Wacholder,S., Wang,T., Burk,R.D.",,2012-08-11,dsDNA
AFP44574.1,L1 protein,Human papillomavirus type 16,Alphapapillomavirus 9,,Rw768,531,,,,"Smith,B., Chen,Z., Reimers,L., van Doorslaer,K., Schiffman,M., Desalle,R., Herrero,R., Yu,K., Wacholder,S., Wang,T., Burk,R.D.",,2012-08-11,dsDNA
AFP44582.1,L1 protein,Human papillomavirus type 16,Alphapapillomavirus 9,,Rw851,531,,,,"Smith,B., Chen,Z., Reimers,L., van Doorslaer,K., Schiffman,M., Desalle,R., Herrero,R., Yu,K., Wacholder,S., Wang,T., Burk,R.D.",,2012-08-11,dsDNA
AFP44590.1,L1 protein,Human papillomavirus type 16,Alphapapillomavirus 9,,Rw862,531,,,,"Smith,B., Chen,Z., Reimers,L., van Doorslaer,K., Schiffman,M., Desalle,R., Herrero,R., Yu,K., Wacholder,S., Wang,T., Burk,R.D.",,2012-08-11,dsDNA
AFP44598.1,L1 protein,Human papillomavirus type 16,Alphapapillomavirus 9,,Rw918,531,,,,"Smith,B., Chen,Z., Reimers,L., van Doorslaer,K., Schiffman,M., Desalle,R., Herrero,R., Yu,K., Wacholder,S., Wang,T., Burk,R.D.",,2012-08-11,dsDNA
AFP44606.1,L1 protein,Human papillomavirus type 16,Alphapapillomavirus 9,,UPB02,531,,,,"Smith,B., Chen,Z., Reimers,L., van Doorslaer,K., Schiffman,M., Desalle,R., Herrero,R., Yu,K., Wacholder,S., Wang,T., Burk,R.D.",,2012-08-11,dsDNA
AFP44614.1,L1 protein,Human papillomavirus type 16,Alphapapillomavirus 9,,UPB20,531,,,,"Smith,B., Chen,Z., Reimers,L., van Doorslaer,K., Schiffman,M., Desalle,R., Herrero,R., Yu,K., Wacholder,S., Wang,T., Burk,R.D.",,2012-08-11,dsDNA
AFP44622.1,L1 protein,Human papillomavirus type 16,Alphapapillomavirus 9,,Z016,531,,,,"Smith,B., Chen,Z., Reimers,L., van Doorslaer,K., Schiffman,M., Desalle,R., Herrero,R., Yu,K., Wacholder,S., Wang,T., Burk,R.D.",,2012-08-11,dsDNA
AFP44630.1,L1 protein,Human papillomavirus type 16,Alphapapillomavirus 9,,Z032,531,,,,"Smith,B., Chen,Z., Reimers,L., van Doorslaer,K., Schiffman,M., Desalle,R., Herrero,R., Yu,K., Wacholder,S., Wang,T., Burk,R.D.",,2012-08-11,dsDNA
AFP44638.1,L1 protein,Human papillomavirus type 16,Alphapapillomavirus 9,,Z109,531,,,,"Smith,B., Chen,Z., Reimers,L., van Doorslaer,K., Schiffman,M., Desalle,R., Herrero,R., Yu,K., Wacholder,S., Wang,T., Burk,R.D.",,2012-08-11,dsDNA
AFP44646.1,L1 protein,Human papillomavirus type 16,Alphapapillomavirus 9,,Z122,531,,,,"Smith,B., Chen,Z., Reimers,L., van Doorslaer,K., Schiffman,M., Desalle,R., Herrero,R., Yu,K., Wacholder,S., Wang,T., Burk,R.D.",,2012-08-11,dsDNA
AFN85006.1,L1 protein,Human papillomavirus type 16,Alphapapillomavirus 9,,,531,Croatia,,,"Sabol,I., Matovina,M., Si-Mohamed,A., Grce,M.",2001,2012-07-28,dsDNA
AFN85014.1,L1 protein,Human papillomavirus type 16,Alphapapillomavirus 9,,,531,Croatia,,,"Sabol,I., Matovina,M., Si-Mohamed,A., Grce,M.",2001,2012-07-28,dsDNA
AFN85025.1,L1 protein,Human papillomavirus type 16,Alphapapillomavirus 9,,,531,Croatia,Homo sapiens,,"Sabol,I., Matovina,M., Si-Mohamed,A., Grce,M.",2003,2012-07-28,dsDNA
AFN85033.1,L1 protein,Human papillomavirus type 16,Alphapapillomavirus 9,,,531,Croatia,Homo sapiens,,"Sabol,I., Matovina,M., Si-Mohamed,A., Grce,M.",2005,2012-07-28,dsDNA
ADH94047.1,L1,Human papillomavirus type 16,Alphapapillomavirus 9,,Amazonian,531,Brazil,Homo sapiens,,"Barbosa Filho,R.A.A., Borborema Santos,C.M., Astolfi Filho,S.",2007-03,2010-06-01,dsDNA
ACV84002.1,major capsid protein L1,Human papillomavirus type 16,Alphapapillomavirus 9,,31,531,Canada,Homo sapiens,,"Cornut,G., Gagnon,S., Hankins,C., Money,D., Franco,E., Coutlee,F.",,2009-09-22,dsDNA
ACV84003.1,major capsid protein L1,Human papillomavirus type 16,Alphapapillomavirus 9,,32,531,Canada,Homo sapiens,,"Cornut,G., Gagnon,S., Hankins,C., Money,D., Franco,E., Coutlee,F.",,2009-09-22,dsDNA
ACV84004.1,major capsid protein L1,Human papillomavirus type 16,Alphapapillomavirus 9,,33,531,Canada,Homo sapiens,,"Cornut,G., Gagnon,S., Hankins,C., Money,D., Franco,E., Coutlee,F.",,2009-09-22,dsDNA
ACV84005.1,major capsid protein L1,Human papillomavirus type 16,Alphapapillomavirus 9,,34,531,Canada,Homo sapiens,,"Cornut,G., Gagnon,S., Hankins,C., Money,D., Franco,E., Coutlee,F.",,2009-09-22,dsDNA
ACV84006.1,major capsid protein L1,Human papillomavirus type 16,Alphapapillomavirus 9,,35,531,Canada,Homo sapiens,,"Cornut,G., Gagnon,S., Hankins,C., Money,D., Franco,E., Coutlee,F.",,2009-09-22,dsDNA
ACV84007.1,major capsid protein L1,Human papillomavirus type 16,Alphapapillomavirus 9,,37,531,Canada,Homo sapiens,,"Cornut,G., Gagnon,S., Hankins,C., Money,D., Franco,E., Coutlee,F.",,2009-09-22,dsDNA
ACV53956.1,major capsid protein L1,Human papillomavirus type 16,Alphapapillomavirus 9,,2,531,Canada,Homo sapiens,,"Cornut,G., Gagnon,S., Hankins,C., Money,D., Franco,E., Coutlee,F.",,2009-09-14,dsDNA
ACV53957.1,major capsid protein L1,Human papillomavirus type 16,Alphapapillomavirus 9,,4,531,Canada,Homo sapiens,,"Cornut,G., Gagnon,S., Hankins,C., Money,D., Franco,E., Coutlee,F.",,2009-09-14,dsDNA
ACV53958.1,major capsid protein L1,Human papillomavirus type 16,Alphapapillomavirus 9,,5,531,Canada,Homo sapiens,,"Cornut,G., Gagnon,S., Hankins,C., Money,D., Franco,E., Coutlee,F.",,2009-09-14,dsDNA
ACV53959.1,major capsid protein L1,Human papillomavirus type 16,Alphapapillomavirus 9,,6,531,Canada,Homo sapiens,,"Cornut,G., Gagnon,S., Hankins,C., Money,D., Franco,E., Coutlee,F.",,2009-09-14,dsDNA
ACV53960.1,major capsid protein L1,Human papillomavirus type 16,Alphapapillomavirus 9,,7,531,Canada,Homo sapiens,,"Cornut,G., Gagnon,S., Hankins,C., Money,D., Franco,E., Coutlee,F.",,2009-09-14,dsDNA
ACV53961.1,major capsid protein L1,Human papillomavirus type 16,Alphapapillomavirus 9,,8,531,Canada,Homo sapiens,,"Cornut,G., Gagnon,S., Hankins,C., Money,D., Franco,E., Coutlee,F.",,2009-09-14,dsDNA
ACV53962.1,major capsid protein L1,Human papillomavirus type 16,Alphapapillomavirus 9,,9,531,Canada,Homo sapiens,,"Cornut,G., Gagnon,S., Hankins,C., Money,D., Franco,E., Coutlee,F.",,2009-09-14,dsDNA
ACV53963.1,major capsid protein L1,Human papillomavirus type 16,Alphapapillomavirus 9,,10,531,Canada,Homo sapiens,,"Cornut,G., Gagnon,S., Hankins,C., Money,D., Franco,E., Coutlee,F.",,2009-09-14,dsDNA
ACV53964.1,major capsid protein L1,Human papillomavirus type 16,Alphapapillomavirus 9,,11,531,Canada,Homo sapiens,,"Cornut,G., Gagnon,S., Hankins,C., Money,D., Franco,E., Coutlee,F.",,2009-09-14,dsDNA
ACV53965.1,major capsid protein L1,Human papillomavirus type 16,Alphapapillomavirus 9,,14,531,Canada,Homo sapiens,,"Cornut,G., Gagnon,S., Hankins,C., Money,D., Franco,E., Coutlee,F.",,2009-09-14,dsDNA
ACV53966.1,major capsid protein L1,Human papillomavirus type 16,Alphapapillomavirus 9,,15,531,Canada,Homo sapiens,,"Cornut,G., Gagnon,S., Hankins,C., Money,D., Franco,E., Coutlee,F.",,2009-09-14,dsDNA
ACV53967.1,major capsid protein L1,Human papillomavirus type 16,Alphapapillomavirus 9,,17,531,Canada,Homo sapiens,,"Cornut,G., Gagnon,S., Hankins,C., Money,D., Franco,E., Coutlee,F.",,2009-09-14,dsDNA
ACV53968.1,major capsid protein L1,Human papillomavirus type 16,Alphapapillomavirus 9,,18,531,Canada,Homo sapiens,,"Cornut,G., Gagnon,S., Hankins,C., Money,D., Franco,E., Coutlee,F.",,2009-09-14,dsDNA
ACV53969.1,major capsid protein L1,Human papillomavirus type 16,Alphapapillomavirus 9,,19,531,Canada,Homo sapiens,,"Cornut,G., Gagnon,S., Hankins,C., Money,D., Franco,E., Coutlee,F.",,2009-09-14,dsDNA
ACV53970.1,major capsid protein L1,Human papillomavirus type 16,Alphapapillomavirus 9,,20,531,Canada,Homo sapiens,,"Cornut,G., Gagnon,S., Hankins,C., Money,D., Franco,E., Coutlee,F.",,2009-09-14,dsDNA
ACV53971.1,major capsid protein L1,Human papillomavirus type 16,Alphapapillomavirus 9,,21,531,Canada,Homo sapiens,,"Cornut,G., Gagnon,S., Hankins,C., Money,D., Franco,E., Coutlee,F.",,2009-09-14,dsDNA
ACV53972.1,major capsid protein L1,Human papillomavirus type 16,Alphapapillomavirus 9,,22,531,Canada,Homo sapiens,,"Cornut,G., Gagnon,S., Hankins,C., Money,D., Franco,E., Coutlee,F.",,2009-09-14,dsDNA
ACV53973.1,major capsid protein L1,Human papillomavirus type 16,Alphapapillomavirus 9,,23,531,Canada,Homo sapiens,,"Cornut,G., Gagnon,S., Hankins,C., Money,D., Franco,E., Coutlee,F.",,2009-09-14,dsDNA
ACV53974.1,major capsid protein L1,Human papillomavirus type 16,Alphapapillomavirus 9,,24,531,Canada,Homo sapiens,,"Cornut,G., Gagnon,S., Hankins,C., Money,D., Franco,E., Coutlee,F.",,2009-09-14,dsDNA
ACV53975.1,major capsid protein L1,Human papillomavirus type 16,Alphapapillomavirus 9,,25,531,Canada,Homo sapiens,,"Cornut,G., Gagnon,S., Hankins,C., Money,D., Franco,E., Coutlee,F.",,2009-09-14,dsDNA
ACV53976.1,major capsid protein L1,Human papillomavirus type 16,Alphapapillomavirus 9,,26,531,Canada,Homo sapiens,,"Cornut,G., Gagnon,S., Hankins,C., Money,D., Franco,E., Coutlee,F.",,2009-09-14,dsDNA
ACV53977.1,major capsid protein L1,Human papillomavirus type 16,Alphapapillomavirus 9,,27,531,Canada,Homo sapiens,,"Cornut,G., Gagnon,S., Hankins,C., Money,D., Franco,E., Coutlee,F.",,2009-09-14,dsDNA
ACV53978.1,major capsid protein L1,Human papillomavirus type 16,Alphapapillomavirus 9,,28,531,Canada,Homo sapiens,,"Cornut,G., Gagnon,S., Hankins,C., Money,D., Franco,E., Coutlee,F.",,2009-09-14,dsDNA
ACV53979.1,major capsid protein L1,Human papillomavirus type 16,Alphapapillomavirus 9,,29,531,Canada,Homo sapiens,,"Cornut,G., Gagnon,S., Hankins,C., Money,D., Franco,E., Coutlee,F.",,2009-09-14,dsDNA
ACV53980.1,major capsid protein L1,Human papillomavirus type 16,Alphapapillomavirus 9,,30,531,Canada,Homo sapiens,,"Cornut,G., Gagnon,S., Hankins,C., Money,D., Franco,E., Coutlee,F.",,2009-09-14,dsDNA
ACV53981.1,major capsid protein L1,Human papillomavirus type 16,Alphapapillomavirus 9,,13,531,Canada,Homo sapiens,,"Cornut,G., Gagnon,S., Hankins,C., Money,D., Franco,E., Coutlee,F.",,2009-09-14,dsDNA
ACS92651.1,L1 protein,Human papillomavirus type 16,Alphapapillomavirus 9,,,531,Thailand,Homo sapiens,,"Lurchachaiwong,W., Junyangdikul,P., Payungporn,S., Chansaenroj,J., Sampathanukul,P., Tresukosol,D., Termrungruanglert,W., Theamboonlers,A., Poovorawan,Y.",2008,2009-07-05,dsDNA
ACS92659.1,L1 protein,Human papillomavirus type 16,Alphapapillomavirus 9,,,531,Thailand,Homo sapiens,,"Lurchachaiwong,W., Junyangdikul,P., Payungporn,S., Chansaenroj,J., Sampathanukul,P., Tresukosol,D., Termrungruanglert,W., Theamboonlers,A., Poovorawan,Y.",2008,2009-07-05,dsDNA
ACS92667.1,L1 protein,Human papillomavirus type 16,Alphapapillomavirus 9,,,531,Thailand,Homo sapiens,,"Lurchachaiwong,W., Junyangdikul,P., Payungporn,S., Chansaenroj,J., Sampathanukul,P., Tresukosol,D., Termrungruanglert,W., Theamboonlers,A., Poovorawan,Y.",2008,2009-07-05,dsDNA
ACS92675.1,L1 protein,Human papillomavirus type 16,Alphapapillomavirus 9,,,531,Thailand,Homo sapiens,,"Lurchachaiwong,W., Junyangdikul,P., Payungporn,S., Chansaenroj,J., Sampathanukul,P., Tresukosol,D., Termrungruanglert,W., Theamboonlers,A., Poovorawan,Y.",2008,2009-07-05,dsDNA
ACS92683.1,L1 protein,Human papillomavirus type 16,Alphapapillomavirus 9,,,531,Thailand,Homo sapiens,,"Lurchachaiwong,W., Junyangdikul,P., Payungporn,S., Chansaenroj,J., Sampathanukul,P., Tresukosol,D., Termrungruanglert,W., Theamboonlers,A., Poovorawan,Y.",2008,2009-07-05,dsDNA
ACS92691.1,L1 protein,Human papillomavirus type 16,Alphapapillomavirus 9,,,531,Thailand,Homo sapiens,,"Lurchachaiwong,W., Junyangdikul,P., Payungporn,S., Chansaenroj,J., Sampathanukul,P., Tresukosol,D., Termrungruanglert,W., Theamboonlers,A., Poovorawan,Y.",2008,2009-07-05,dsDNA
ACS92699.1,L1 protein,Human papillomavirus type 16,Alphapapillomavirus 9,,,531,Thailand,Homo sapiens,,"Lurchachaiwong,W., Junyangdikul,P., Payungporn,S., Chansaenroj,J., Sampathanukul,P., Tresukosol,D., Termrungruanglert,W., Theamboonlers,A., Poovorawan,Y.",2008,2009-07-05,dsDNA
ACN91157.1,L1,Human papillomavirus type 16,Alphapapillomavirus 9,,E-P,503,Mexico,,,"Londono,A., Sanchez-Garza,M., Lopez-Revilla,R.",2005-01-12,2009-03-25,dsDNA
ACN91158.1,L1,Human papillomavirus type 16,Alphapapillomavirus 9,,EP-GEF,503,Mexico,,,"Londono,A., Sanchez-Garza,M., Lopez-Revilla,R.",2005-01-12,2009-03-25,dsDNA
ACN91159.1,L1,Human papillomavirus type 16,Alphapapillomavirus 9,,E-P,503,Mexico,,,"Londono,A., Sanchez-Garza,M., Lopez-Revilla,R.",2005-01-12,2009-03-25,dsDNA
ACN91160.1,L1,Human papillomavirus type 16,Alphapapillomavirus 9,,E-P,503,Mexico,,,"Londono,A., Sanchez-Garza,M., Lopez-Revilla,R.",2005-01-12,2009-03-25,dsDNA
ACN91161.1,L1,Human papillomavirus type 16,Alphapapillomavirus 9,,AA-a,503,Mexico,,,"Londono,A., Sanchez-Garza,M., Lopez-Revilla,R.",2005-01-12,2009-03-25,dsDNA
ACN91162.1,L1,Human papillomavirus type 16,Alphapapillomavirus 9,,E-P,503,Mexico,,,"Londono,A., Sanchez-Garza,M., Lopez-Revilla,R.",2005-01-12,2009-03-25,dsDNA
ACN91163.1,L1,Human papillomavirus type 16,Alphapapillomavirus 9,,E-P,503,Mexico,,,"Londono,A., Sanchez-Garza,M., Lopez-Revilla,R.",2005-01-12,2009-03-25,dsDNA
ACN91164.1,L1,Human papillomavirus type 16,Alphapapillomavirus 9,,E-P,503,Mexico,,,"Londono,A., Sanchez-Garza,M., Lopez-Revilla,R.",2005-01-12,2009-03-25,dsDNA
ACN91165.1,L1,Human papillomavirus type 16,Alphapapillomavirus 9,,E-P,503,Mexico,,,"Londono,A., Sanchez-Garza,M., Lopez-Revilla,R.",2005-01-12,2009-03-25,dsDNA
ACN91166.1,L1,Human papillomavirus type 16,Alphapapillomavirus 9,,E-P,503,Mexico,,,"Londono,A., Sanchez-Garza,M., Lopez-Revilla,R.",2005-01-12,2009-03-25,dsDNA
ACN91167.1,L1,Human papillomavirus type 16,Alphapapillomavirus 9,,E-P,503,Mexico,,,"Londono,A., Sanchez-Garza,M., Lopez-Revilla,R.",2005-01-12,2009-03-25,dsDNA
ACN91168.1,L1,Human papillomavirus type 16,Alphapapillomavirus 9,,AA+EP,503,Mexico,,,"Londono,A., Sanchez-Garza,M., Lopez-Revilla,R.",2005-01-12,2009-03-25,dsDNA
ACN91169.1,L1,Human papillomavirus type 16,Alphapapillomavirus 9,,AA-a,501,Mexico,,,"Londono,A., Sanchez-Garza,M., Lopez-Revilla,R.",2005-01-12,2009-03-25,dsDNA
ACN91170.1,L1,Human papillomavirus type 16,Alphapapillomavirus 9,,AA-C175S,503,Mexico,,,"Londono,A., Sanchez-Garza,M., Lopez-Revilla,R.",2005-01-12,2009-03-25,dsDNA
ACN91171.1,L1,Human papillomavirus type 16,Alphapapillomavirus 9,,AA-EP,503,Mexico,,,"Londono,A., Sanchez-Garza,M., Lopez-Revilla,R.",2005-01-12,2009-03-25,dsDNA
ACN91172.1,L1,Human papillomavirus type 16,Alphapapillomavirus 9,,E-P,503,Mexico,,,"Londono,A., Sanchez-Garza,M., Lopez-Revilla,R.",2005-01-12,2009-03-25,dsDNA
ACN91173.1,L1,Human papillomavirus type 16,Alphapapillomavirus 9,,E-P,503,Mexico,,,"Londono,A., Sanchez-Garza,M., Lopez-Revilla,R.",2005-01-12,2009-03-25,dsDNA
ACN91174.1,L1,Human papillomavirus type 16,Alphapapillomavirus 9,,E-P,503,Mexico,,,"Londono,A., Sanchez-Garza,M., Lopez-Revilla,R.",2005-01-12,2009-03-25,dsDNA
ACN91175.1,L1,Human papillomavirus type 16,Alphapapillomavirus 9,,EP-C175S,503,Mexico,,,"Londono,A., Sanchez-Garza,M., Lopez-Revilla,R.",2005-01-12,2009-03-25,dsDNA
ACN91176.1,L1,Human papillomavirus type 16,Alphapapillomavirus 9,,EP-GEF,503,Mexico,,,"Londono,A., Sanchez-Garza,M., Lopez-Revilla,R.",2005-01-12,2009-03-25,dsDNA
ACN91177.1,L1,Human papillomavirus type 16,Alphapapillomavirus 9,,E-P,503,Mexico,,,"Londono,A., Sanchez-Garza,M., Lopez-Revilla,R.",2005-01-12,2009-03-25,dsDNA
ACN91178.1,L1,Human papillomavirus type 16,Alphapapillomavirus 9,,E-P,503,Mexico,,,"Londono,A., Sanchez-Garza,M., Lopez-Revilla,R.",2005-01-12,2009-03-25,dsDNA
ACN91179.1,L1,Human papillomavirus type 16,Alphapapillomavirus 9,,,503,Mexico,,,"Londono,A., Sanchez-Garza,M., Lopez-Revilla,R.",2005-01-12,2009-03-25,dsDNA
ACN91180.1,L1,Human papillomavirus type 16,Alphapapillomavirus 9,,EP-GEF,503,Mexico,,,"Londono,A., Sanchez-Garza,M., Lopez-Revilla,R.",2005-01-12,2009-03-25,dsDNA
ACN91181.1,L1,Human papillomavirus type 16,Alphapapillomavirus 9,,EP-C175S,503,Mexico,,,"Londono,A., Sanchez-Garza,M., Lopez-Revilla,R.",2005-01-12,2009-03-25,dsDNA
ACN91182.1,L1,Human papillomavirus type 16,Alphapapillomavirus 9,,E-P,503,Mexico,,,"Londono,A., Sanchez-Garza,M., Lopez-Revilla,R.",2005-01-12,2009-03-25,dsDNA
ACL12317.1,L1,Human papillomavirus type 16,Alphapapillomavirus 9,,LZcc11-16,531,China: Gansu province,Homo sapiens,,"Wu,X., Zhang,C., Feng,S., Liu,C., Li,Y., Yang,Y., Gao,J., Li,H., Meng,S., Li,L., Zhang,Y., Hu,X., Lin,L., Li,X., Wang,Y.",2007-08,2009-02-01,dsDNA
ACG75893.1,L1 protein,Human papillomavirus type 16,Alphapapillomavirus 9,,,531,China: Xinjiang province,Homo sapiens,,"Hong,L.L., Hai,M.Z., Chun,Z.F.",2006-12-16,2008-08-20,dsDNA
ACA49854.1,L1,Human papillomavirus type 16,Alphapapillomavirus 9,16,,525,Iran,,,"Teimoori,A., Soleimanjahi,H., Fotouhi,F.",,2008-03-05,dsDNA
ACA14193.1,L1 protein,Human papillomavirus type 16,Alphapapillomavirus 9,,CNE-d,531,,,,"Shang,Q.L., Wang,Y., Chen,S.J., Li,C.G., Wei,L.L., Sui,L.H., Zhang,F.M., Gu,H.X., Han,C., Zhuang,M.",,2008-02-24,dsDNA
ACA14201.1,L1 protein,Human papillomavirus type 16,Alphapapillomavirus 9,,CNE-f,531,,,,"Shang,Q.L., Wang,Y., Chen,S.J., Li,C.G., Wei,L.L., Sui,L.H., Zhang,F.M., Gu,H.X., Han,C., Zhuang,M.",,2008-02-24,dsDNA
ACA14209.1,L1 protein,Human papillomavirus type 16,Alphapapillomavirus 9,,CNE-q,531,,,,"Shang,Q.L., Wang,Y., Chen,S.J., Li,C.G., Wei,L.L., Sui,L.H., Zhang,F.M., Gu,H.X., Han,C., Zhuang,M.",,2008-02-24,dsDNA
ABV21641.1,L1,Human papillomavirus type 16,Alphapapillomavirus 9,,,505,Germany,,,"Kirnbauer,R., Taub,J., Greenstone,H., Roden,R., Durst,M., Gissmann,L., Lowy,D.R., Schiller,J.T., Buck,C.B.",,2007-09-16,dsDNA
ABQ24218.1,late major capsid protein L1,Human papillomavirus type 16,Alphapapillomavirus 9,,,531,China,,,"Ma,Z., Zhang,F., Mei,X., Liu,K.",,2007-05-16,dsDNA
ABF06542.1,L1,Human papillomavirus type 16,Alphapapillomavirus 9,,,505,Germany,,,"Zhou,J., Sun,X.Y., Stenzel,D.J., Frazer,I.H., Frazer,I., Camuglia,S., Moloney,M.B., Edwards,S.J.",,2006-04-30,dsDNA
AAZ81569.1,L1 major capsid protein,Human papillomavirus type 16,Alphapapillomavirus 9,HPV-16,,505,India,,,"Patel,M.C., Mukhopadhyaya,R.",,2005-08-28,dsDNA
AAV91651.1,L1,Human papillomavirus type 16,Alphapapillomavirus 9,,Qv15321AA,531,,,,"Chen,Z., Terai,M., Fu,L., Herrero,R., DeSalle,R., Burk,R.D., Herrer,R.",,2005-05-21,dsDNA
AAV91659.1,L1,Human papillomavirus type 16,Alphapapillomavirus 9,,Qv16936E,531,,,,"Chen,Z., Terai,M., Fu,L., Herrero,R., DeSalle,R., Burk,R.D., Herrer,R.",,2005-05-21,dsDNA
AAV91667.1,L1,Human papillomavirus type 16,Alphapapillomavirus 9,,Qv15521E,531,,,,"Chen,Z., Terai,M., Fu,L., Herrero,R., DeSalle,R., Burk,R.D., Herrer,R.",,2005-05-21,dsDNA
AAV91675.1,L1,Human papillomavirus type 16,Alphapapillomavirus 9,,Qv15351AA,531,,,,"Chen,Z., Terai,M., Fu,L., Herrero,R., DeSalle,R., Burk,R.D., Herrer,R.",,2005-05-21,dsDNA
AAV91683.1,L1,Human papillomavirus type 16,Alphapapillomavirus 9,,Qv18158E,531,,,,"Chen,Z., Terai,M., Fu,L., Herrero,R., DeSalle,R., Burk,R.D., Herrer,R.",,2005-05-21,dsDNA
AAV91691.1,L1,Human papillomavirus type 16,Alphapapillomavirus 9,,Qv17722E,531,,,,"Chen,Z., Terai,M., Fu,L., Herrero,R., DeSalle,R., Burk,R.D., Herrer,R.",,2005-05-21,dsDNA
AAQ10410.1,putative major capsid protein L1,Human papillomavirus type 16,Alphapapillomavirus 9,,,531,,,,"Terai,M., Fu,L., Ma,Z., Burk,R.D.",,2003-09-01,dsDNA
AAQ10719.1,putative major capsid protein L1,Human papillomavirus type 16,Alphapapillomavirus 9,,European German 131 type,531,,,,"Terai,M., Fu,L., Ma,Z., Burk,R.D.",,2003-09-01,dsDNA
AAQ10727.1,putative major capsid protein L1,Human papillomavirus type 16,Alphapapillomavirus 9,,African-1 type,531,,,,"Terai,M., Fu,L., Ma,Z., Burk,R.D.",,2003-09-01,dsDNA
AAO85415.1,L1,Human papillomavirus type 16,Alphapapillomavirus 9,,Asian-American variant,531,,,,"Terai,M., Burk,R.D.",,2003-04-02,dsDNA
AAO19439.1,L1,Human papillomavirus type 16,Alphapapillomavirus 9,,,505,South Africa,,,"Varsani,A., Williamson,A.L., de Villiers,D., Becker,I., Christensen,N.D., Rybicki,E.P.",,2003-01-14,dsDNA
AAO15704.1,putative major capsid protein L1,Human papillomavirus type 16,Alphapapillomavirus 9,Human papillomavirus type 16 variant (African type 1),,531,,,,"Terai,M., Ma,Z., Burk,R.D.",,2003-01-02,dsDNA
AAO15712.1,putative major capsid protein L1,Human papillomavirus type 16,Alphapapillomavirus 9,Human papillomavirus type 16 variant (African type 2),,531,,,,"Terai,M., Ma,Z., Burk,R.D.",,2003-01-02,dsDNA
AAK77000.1,late major capsid protein L1,Human papillomavirus type 16,Alphapapillomavirus 9,,,505,,,,"Gu,H., Ling,H., Zhang,F., Gu,H.X., Zhang,F.M., Zhong,Z.H., Wang,W.G., Guo,S.Y., Zhuang,M., Qi,Z.Y., Lin,D.H., Wei,L.L., Shang,Q.L., Ma,P.L., Xiao,P., Guo,C.L., Li,H.L., Huang,J.L., Li,X.R., Bao,G.Y.",,2001-07-23,dsDNA
AAD33259.1,L1,Human papillomavirus type 16,Alphapapillomavirus 9,,16W12E,531,,,,"Flores,E.R., Allen-Hoffmann,B.L., Lee,D., Sattler,C.A., Lambert,P.F., Nelson,J.H.",,1999-06-01,dsDNA
AAA92892.1,L1 capsid protein,Human papillomavirus type 16,Alphapapillomavirus 9,,,505,,,,"Icenogle,J.P., Clancy,K.A., Lin,S.Y.",,1996-01-01,dsDNA
